s10           (Subject Code)
 2            (Counterbal Condition)
 22            18           (Map: Phys to Log cues for each task)
weather       (Task Format)
FnoA          (Task Condition)
Training data (trial/4 log cues/outcome/[resp corr?/rtime])
    1 1 0 0 0 0 0 1.088
    2 0 0 1 0 1 0 2.768
    3 1 1 0 0 1 1 2.488
    4 0 1 1 1 0 1 1.797
    5 0 1 1 1 1 1 0.956
    6 0 1 1 1 0 1 0.939
    7 0 1 0 1 0 1 1.086
    8 0 0 1 1 0 0 0.776
    9 1 1 0 1 1 1 1.223
   10 0 1 0 1 1 0 0.844
   11 0 0 0 1 0 0 1.756
   12 1 1 0 1 0 0 1.295
   13 0 0 1 0 0 1 1.545
   14 1 1 1 0 0 0 0.618
   15 1 1 0 0 1 1 2.105
   16 0 1 0 0 1 1 0.780
   17 0 0 1 1 0 1 0.873
   18 1 0 0 1 1 1 2.310
   19 0 0 0 1 0 1 0.887
   20 1 0 1 1 1 0 2.016
   21 0 1 0 1 1 0 1.718
   22 1 1 1 0 1 1 1.482
   23 1 1 0 1 1 1 2.372
   24 0 1 1 0 0 1 1.259
   25 1 0 1 1 0 0 0.644
   26 0 1 1 0 0 1 1.811
   27 1 0 0 0 1 1 1.019
   28 0 0 1 0 0 1 1.492
   29 0 0 1 1 0 1 0.983
   30 1 1 1 0 1 1 1.583
   31 1 0 0 1 0 0 2.192
   32 1 0 0 0 1 1 1.138
   33 0 1 0 0 0 0 1.722
   34 0 0 0 1 1 0 0.973
   35 1 0 1 0 0 0 1.219
   36 1 0 1 0 1 0 1.056
   37 1 0 0 1 0 0 0.895
   38 1 0 1 0 1 1 1.421
   39 1 1 0 0 1 0 0.991
   40 1 1 1 0 1 1 0.911
   41 0 1 0 0 1 0 0.726
   42 1 1 0 1 1 1 1.789
   43 0 0 1 1 0 1 1.258
   44 0 1 0 1 0 0 1.592
   45 1 1 0 0 1 1 2.027
   46 0 0 0 1 0 1 0.930
   47 0 1 1 0 1 1 0.765
   48 0 1 1 0 1 0 0.800
   49 0 1 0 0 1 0 1.355
   50 1 0 0 1 1 1 0.898
   51 1 0 0 0 1 1 1.402
   52 1 0 1 1 0 1 2.272
   53 0 1 1 1 0 0 2.678
   54 1 0 1 1 0 1 2.193
   55 1 0 1 0 0 0 0.940
   56 0 0 1 0 0 1 0.777
Test data (trial/4 log cues/resp choice 1or2/rtime)
   57 1 1 0 1 1 0.853
   58 0 1 1 0 2 0.979
   59 0 0 1 0 2 1.540
   60 1 0 0 0 1 0.755
   61 1 0 1 1 2 1.905
   62 0 1 1 1 1 2.978
   63 1 1 0 0 1 1.322
   64 0 1 0 0 2 2.027
   65 0 1 0 1 2 0.968
   66 1 1 1 0 1 1.188
   67 0 0 1 1 2 2.300
   68 1 0 1 0 1 2.060
   69 1 0 0 1 1 1.921
   70 0 0 0 1 2 1.222
disease       (Task Format)
AnoF          (Task Condition)
Training data (trial/4 log cues/outcome/[resp corr?/rtime])
    1 0 1 0 0 0
    2 1 0 0 0 1
    3 1 0 0 0 1
    4 0 1 0 1 0
    5 0 0 1 0 0
    6 0 0 0 1 0
    7 0 1 1 0 0
    8 1 0 0 0 1
    9 0 1 0 0 0
   10 1 0 1 0 0
   11 0 1 1 0 0
   12 1 1 0 1 1
   13 0 0 0 1 1
   14 0 0 1 0 0
   15 0 0 1 1 0
   16 1 0 0 0 1
   17 0 1 0 1 1
   18 0 1 0 0 1
   19 1 1 0 0 1
   20 1 0 1 1 1
   21 0 1 0 1 0
   22 0 0 1 1 0
   23 0 0 0 1 0
   24 1 1 0 0 1
   25 0 0 0 1 0
   26 1 0 0 0 0
   27 1 0 0 0 1
   28 1 1 0 0 1
   29 0 1 0 0 0
   30 0 0 1 1 0
   31 0 0 1 1 0
   32 0 0 0 1 0
   33 1 0 1 1 0
   34 1 0 1 0 1
   35 1 0 0 1 0
   36 1 0 1 0 1
   37 1 0 0 1 1
   38 0 0 0 1 0
   39 0 1 0 1 0
   40 0 1 0 0 1
   41 0 0 1 0 1
   42 0 0 1 0 0
   43 0 1 1 1 0
   44 1 0 0 0 1
   45 0 1 0 0 1
   46 0 0 0 1 0
   47 1 0 1 0 1
   48 0 0 1 0 1
   49 1 1 0 0 1
   50 1 1 1 0 1
   51 1 1 0 1 0
   52 0 0 1 0 1
Test data (trial/4 log cues/resp choice 1or2/rtime)
   53 0 1 0 1 2 1.271
   54 1 1 0 0 1 1.164
   55 1 1 1 0 2 1.888
   56 0 0 1 0 1 1.876
   57 1 0 1 1 1 1.446
   58 1 1 0 1 2 1.202
   59 0 0 1 1 2 0.950
   60 0 1 1 0 1 1.500
   61 0 1 1 1 2 0.900
   62 0 0 0 1 2 1.081
   63 1 0 1 0 1 1.095
   64 0 1 0 0 2 0.811
   65 1 0 0 1 1 1.127
   66 1 0 0 0 1 0.944
