s12           (Subject Code)
 4            (Counterbal Condition)
 16            22           (Map: Phys to Log cues for each task)
disease       (Task Format)
FnoA          (Task Condition)
Training data (trial/4 log cues/outcome/[resp corr?/rtime])
    1 1 0 0 0 0 1 4.290
    2 0 0 1 0 1 0 2.075
    3 1 1 0 0 1 0 1.029
    4 0 1 1 1 0 1 1.595
    5 0 1 1 1 1 0 0.813
    6 0 1 1 1 0 1 1.057
    7 0 1 0 1 0 0 1.100
    8 0 0 1 1 0 0 3.258
    9 1 1 0 1 1 0 1.731
   10 0 1 0 1 1 0 4.204
   11 0 0 0 1 0 1 0.843
   12 1 1 0 1 0 1 0.997
   13 0 0 1 0 0 1 1.110
   14 1 1 1 0 0 0 0.907
   15 1 1 0 0 1 1 0.946
   16 0 1 0 0 1 1 0.827
   17 0 0 1 1 0 1 0.900
   18 1 0 0 1 1 0 1.103
   19 0 0 0 1 0 1 0.866
   20 1 0 1 1 1 0 0.669
   21 0 1 0 1 1 0 0.728
   22 1 1 1 0 1 0 0.557
   23 1 1 0 1 1 0 0.925
   24 0 1 1 0 0 0 2.095
   25 1 0 1 1 0 1 0.514
   26 0 1 1 0 0 1 0.411
   27 1 0 0 0 1 1 0.457
   28 0 0 1 0 0 1 0.532
   29 0 0 1 1 0 0 0.438
   30 1 1 1 0 1 1 0.497
   31 1 0 0 1 0 1 0.661
   32 1 0 0 0 1 1 1.470
   33 0 1 0 0 0 1 1.072
   34 0 0 0 1 1 1 1.198
   35 1 0 1 0 0 1 0.730
   36 1 0 1 0 1 1 0.919
   37 1 0 0 1 0 1 0.842
   38 1 0 1 0 1 1 0.889
   39 1 1 0 0 1 0 0.684
   40 1 1 1 0 1 0 1.010
   41 0 1 0 0 1 0 0.387
   42 1 1 0 1 1 0 0.659
   43 0 0 1 1 0 1 1.181
   44 0 1 0 1 0 1 0.688
   45 1 1 0 0 1 1 0.690
   46 0 0 0 1 0 1 0.548
   47 0 1 1 0 1 1 1.084
   48 0 1 1 0 1 0 0.700
   49 0 1 0 0 1 1 1.046
   50 1 0 0 1 1 1 0.786
   51 1 0 0 0 1 0 0.677
   52 1 0 1 1 0 0 0.931
   53 0 1 1 1 0 1 1.153
   54 1 0 1 1 0 0 1.568
   55 1 0 1 0 0 1 0.462
   56 0 0 1 0 0 1 0.668
Test data (trial/4 log cues/resp choice 1or2/rtime)
   57 1 1 0 1 2 1.069
   58 0 1 1 0 2 2.617
   59 0 0 1 0 1 0.852
   60 1 0 0 0 2 0.912
   61 1 0 1 1 2 0.774
   62 0 1 1 1 2 0.919
   63 1 1 0 0 1 0.561
   64 0 1 0 0 1 0.600
   65 0 1 0 1 1 0.708
   66 1 1 1 0 2 0.665
   67 0 0 1 1 1 0.722
   68 1 0 1 0 2 1.163
   69 1 0 0 1 2 0.482
   70 0 0 0 1 1 0.689
weather       (Task Format)
AnoF          (Task Condition)
Training data (trial/4 log cues/outcome/[resp corr?/rtime])
    1 0 1 0 0 0
    2 1 0 0 0 1
    3 1 0 0 0 1
    4 0 1 0 1 0
    5 0 0 1 0 0
    6 0 0 0 1 0
    7 0 1 1 0 0
    8 1 0 0 0 1
    9 0 1 0 0 0
   10 1 0 1 0 0
   11 0 1 1 0 0
   12 1 1 0 1 1
   13 0 0 0 1 1
   14 0 0 1 0 0
   15 0 0 1 1 0
   16 1 0 0 0 1
   17 0 1 0 1 1
   18 0 1 0 0 1
   19 1 1 0 0 1
   20 1 0 1 1 1
   21 0 1 0 1 0
   22 0 0 1 1 0
   23 0 0 0 1 0
   24 1 1 0 0 1
   25 0 0 0 1 0
   26 1 0 0 0 0
   27 1 0 0 0 1
   28 1 1 0 0 1
   29 0 1 0 0 0
   30 0 0 1 1 0
   31 0 0 1 1 0
   32 0 0 0 1 0
   33 1 0 1 1 0
   34 1 0 1 0 1
   35 1 0 0 1 0
   36 1 0 1 0 1
   37 1 0 0 1 1
   38 0 0 0 1 0
   39 0 1 0 1 0
   40 0 1 0 0 1
   41 0 0 1 0 1
   42 0 0 1 0 0
   43 0 1 1 1 0
   44 1 0 0 0 1
   45 0 1 0 0 1
   46 0 0 0 1 0
   47 1 0 1 0 1
   48 0 0 1 0 1
   49 1 1 0 0 1
   50 1 1 1 0 1
   51 1 1 0 1 0
   52 0 0 1 0 1
Test data (trial/4 log cues/resp choice 1or2/rtime)
   53 0 1 0 1 1 9.104
   54 1 1 0 0 2 3.960
   55 1 1 1 0 2 3.943
   56 0 0 1 0 2 4.054
   57 1 0 1 1 1 2.177
   58 1 1 0 1 1 3.282
   59 0 0 1 1 1 4.898
   60 0 1 1 0 2 1.100
   61 0 1 1 1 2 4.333
   62 0 0 0 1 1 1.609
   63 1 0 1 0 1 1.848
   64 0 1 0 0 2 1.204
   65 1 0 0 1 1 3.487
   66 1 0 0 0 1 1.139
