s13           (Subject Code)
 1            (Counterbal Condition)
 9             22           (Map: Phys to Log cues for each task)
weather       (Task Format)
AnoF          (Task Condition)
Training data (trial/4 log cues/outcome/[resp corr?/rtime])
    1 1 0 0 0 0

    2 0 0 1 1 0

    3 1 0 0 0 1

    4 0 0 1 0 1

    5 0 0 1 0 0

    6 0 0 1 0 1

    7 0 1 1 1 0

    8 0 0 0 1 0

    9 1 0 1 1 0

   10 0 0 1 0 0

   11 0 0 0 1 0

   12 1 1 0 1 1

   13 0 0 1 0 1

   14 1 0 0 1 0

   15 1 0 0 0 1

   16 0 1 0 0 1

   17 0 0 0 1 0

   18 1 0 1 0 1

   19 0 0 0 1 0

   20 0 1 0 0 0

   21 1 1 1 0 1

   22 1 0 1 1 1

   23 0 1 0 1 1

   24 0 1 0 0 0

   25 1 0 0 0 1

   26 0 0 1 1 0

   27 0 0 0 1 1

   28 1 0 1 0 1

   29 1 0 0 0 1

   30 0 1 0 0 1

   31 0 0 0 1 0

   32 1 1 0 0 1

   33 1 1 0 0 1

   34 1 0 1 0 0

   35 0 0 1 1 0

   36 0 0 1 0 0

   37 1 1 0 0 1

   38 0 1 1 0 0

   39 1 0 0 1 1

   40 0 1 0 1 0

   41 0 0 0 1 0

   42 0 0 1 1 0

   43 0 1 0 1 0

   44 0 1 1 0 0

   45 1 0 1 0 1

   46 1 0 0 0 1

   47 0 1 0 0 0

   48 1 0 0 0 1

   49 0 1 0 1 0

   50 0 1 0 0 1

   51 1 1 0 0 1

   52 1 1 0 1 0

Test data (trial/4 log cues/resp choice 1or2/rtime)
   53 0 1 0 0 2 5.810
   54 0 1 0 1 2 7.717
   55 0 1 1 1 2 5.432
   56 0 0 1 1 1 3.768
   57 1 0 1 1 2 5.047
   58 1 1 1 0 1 3.997
   59 0 1 1 0 2 4.457
   60 1 1 0 0 1 3.708
   61 1 1 0 1 2 3.579
   62 1 0 0 1 1 2.248
   63 0 0 0 1 2 1.309
   64 0 0 1 0 2 12.823
   65 1 0 0 0 1 2.287
   66 1 0 1 0 2 4.086
disease       (Task Format)
FnoA          (Task Condition)
Training data (trial/4 log cues/outcome/[resp corr?/rtime])
    1 1 0 1 0 0 0 28.437
    2 1 0 0 1 1 0 2.860
    3 1 1 0 0 1 1 3.224
    4 0 1 0 1 1 1 3.823
    5 1 1 0 1 1 1 2.281
    6 0 1 0 0 0 1 6.495
    7 0 1 1 0 1 1 2.160
    8 0 1 0 0 1 0 1.635
    9 0 1 0 1 0 0 1.044
   10 0 1 1 1 1 1 2.432
   11 1 1 0 1 1 0 1.724
   12 1 0 0 1 0 0 0.981
   13 0 0 1 1 0 0 1.589
   14 1 1 0 0 1 0 1.008
   15 0 0 1 1 0 0 1.119
   16 1 0 1 1 0 1 4.026
   17 1 1 0 0 1 1 6.012
   18 0 1 1 1 0 0 2.131
   19 0 0 0 1 1 1 1.311
   20 1 0 1 1 1 0 0.818
   21 1 0 0 0 1 0 1.491
   22 1 0 0 1 0 0 1.104
   23 0 0 1 0 1 0 1.176
   24 0 0 1 1 0 1 3.787
   25 1 1 1 0 0 0 2.168
   26 1 0 0 0 1 0 1.471
   27 0 1 1 1 0 1 1.778
   28 1 1 1 0 1 1 2.329
   29 1 0 1 1 0 0 1.049
   30 1 0 0 1 1 1 2.591
   31 0 0 1 1 0 0 5.263
   32 0 1 1 1 0 1 4.800
   33 1 0 0 0 0 1 1.286
   34 0 0 0 1 0 0 1.592
   35 0 1 0 1 0 1 1.125
   36 1 0 1 0 1 0 2.160
   37 0 1 1 0 0 1 2.471
   38 0 0 1 0 0 0 1.214
   39 0 0 1 0 0 1 0.892
   40 0 1 1 0 1 0 0.828
   41 1 0 1 0 0 1 1.301
   42 1 1 0 0 1 1 1.722
   43 0 1 1 0 0 1 1.087
   44 1 1 1 0 1 1 1.084
   45 1 0 1 0 1 1 0.984
   46 1 1 1 0 1 1 0.962
   47 0 0 0 1 0 1 2.052
   48 1 1 0 1 1 1 0.823
   49 1 1 0 1 0 1 2.116
   50 0 1 0 1 1 0 2.096
   51 0 1 0 0 1 1 1.515
   52 0 1 0 0 1 0 0.000
   53 1 0 0 0 1 2 3.066
   54 0 0 0 1 0 1 0.975
   55 1 0 1 1 0 1 1.962
   56 0 0 1 0 0 1 1.796
Test data (trial/4 log cues/resp choice 1or2/rtime)
   57 1 1 0 0 1 10.315
   58 0 1 0 0 1 3.903
   59 1 0 1 0 2 1.925
   60 0 0 1 0 1 6.080
   61 0 0 0 1 2 1.279
   62 1 1 0 1 2 3.061
   63 0 1 1 0 1 4.257
   64 0 1 0 1 2 2.945
   65 0 0 1 1 1 4.860
   66 1 0 1 1 2 4.407
   67 0 1 1 1 1 3.061
   68 1 0 0 0 1 4.541
   69 1 1 1 0 1 1.631
   70 1 0 0 1 2 6.711
