s15           (Subject Code)
 2            (Counterbal Condition)
 13            16           (Map: Phys to Log cues for each task)
weather       (Task Format)
FnoA          (Task Condition)
Training data (trial/4 log cues/outcome/[resp corr?/rtime])
    1 1 0 0 0 0 0 40.920
    2 0 0 1 0 1 1 3.228
    3 1 1 0 0 1 1 3.521
    4 0 1 1 1 0 0 7.890
    5 0 1 1 1 1 0 1.642
    6 0 1 1 1 0 0 3.594
    7 0 1 0 1 0 1 1.602
    8 0 0 1 1 0 0 4.918
    9 1 1 0 1 1 0 1.213
   10 0 1 0 1 1 0 1.214
   11 0 0 0 1 0 1 1.486
   12 1 1 0 1 0 1 1.547
   13 0 0 1 0 0 0 1.328
   14 1 1 1 0 0 0 1.387
   15 1 1 0 0 1 1 2.818
   16 0 1 0 0 1 0 1.352
   17 0 0 1 1 0 0 1.936
   18 1 0 0 1 1 0 4.072
   19 0 0 0 1 0 1 2.368
   20 1 0 1 1 1 0 1.424
   21 0 1 0 1 1 0 1.546
   22 1 1 1 0 1 1 3.974
   23 1 1 0 1 1 1 3.455
   24 0 1 1 0 0 0 1.943
   25 1 0 1 1 0 0 2.776
   26 0 1 1 0 0 0 3.529
   27 1 0 0 0 1 0 1.148
   28 0 0 1 0 0 0 5.085
   29 0 0 1 1 0 1 1.083
   30 1 1 1 0 1 1 1.658
   31 1 0 0 1 0 1 1.453
   32 1 0 0 0 1 0 1.337
   33 0 1 0 0 0 1 1.542
   34 0 0 0 1 1 0 1.402
   35 1 0 1 0 0 0 1.834
   36 1 0 1 0 1 1 1.265
   37 1 0 0 1 0 1 1.358
   38 1 0 1 0 1 1 3.569
   39 1 1 0 0 1 0 1.569
   40 1 1 1 0 1 1 3.595
   41 0 1 0 0 1 0 4.093
   42 1 1 0 1 1 0 1.015
   43 0 0 1 1 0 1 1.418
   44 0 1 0 1 0 1 0.750
   45 1 1 0 0 1 1 0.886
   46 0 0 0 1 0 0 1.526
   47 0 1 1 0 1 1 1.344
   48 0 1 1 0 1 1 1.127
   49 0 1 0 0 1 1 1.412
   50 1 0 0 1 1 0 1.349
   51 1 0 0 0 1 1 1.898
   52 1 0 1 1 0 0 1.493
   53 0 1 1 1 0 1 6.662
   54 1 0 1 1 0 0 1.429
   55 1 0 1 0 0 0 0.998
   56 0 0 1 0 0 0 2.222
Test data (trial/4 log cues/resp choice 1or2/rtime)
   57 1 1 0 1 2 5.092
   58 0 1 1 0 2 6.922
   59 0 0 1 0 2 1.495
   60 1 0 0 0 2 1.218
   61 1 0 1 1 1 1.004
   62 0 1 1 1 2 3.131
   63 1 1 0 0 2 1.101
   64 0 1 0 0 2 2.191
   65 0 1 0 1 2 1.539
   66 1 1 1 0 1 1.081
   67 0 0 1 1 1 7.049
   68 1 0 1 0 1 0.896
   69 1 0 0 1 2 2.245
   70 0 0 0 1 2 1.016
disease       (Task Format)
AnoF          (Task Condition)
Training data (trial/4 log cues/outcome/[resp corr?/rtime])
    1 0 1 0 0 0
    2 1 0 0 0 1
    3 1 0 0 0 1
    4 0 1 0 1 0
    5 0 0 1 0 0
    6 0 0 0 1 0
    7 0 1 1 0 0
    8 1 0 0 0 1
    9 0 1 0 0 0
   10 1 0 1 0 0
   11 0 1 1 0 0
   12 1 1 0 1 1
   13 0 0 0 1 1
   14 0 0 1 0 0
   15 0 0 1 1 0
   16 1 0 0 0 1
   17 0 1 0 1 1
   18 0 1 0 0 1
   19 1 1 0 0 1
   20 1 0 1 1 1
   21 0 1 0 1 0
   22 0 0 1 1 0
   23 0 0 0 1 0
   24 1 1 0 0 1
   25 0 0 0 1 0
   26 1 0 0 0 0
   27 1 0 0 0 1
   28 1 1 0 0 1
   29 0 1 0 0 0
   30 0 0 1 1 0
   31 0 0 1 1 0
   32 0 0 0 1 0
   33 1 0 1 1 0
   34 1 0 1 0 1
   35 1 0 0 1 0
   36 1 0 1 0 1
   37 1 0 0 1 1
   38 0 0 0 1 0
   39 0 1 0 1 0
   40 0 1 0 0 1
   41 0 0 1 0 1
   42 0 0 1 0 0
   43 0 1 1 1 0
   44 1 0 0 0 1
   45 0 1 0 0 1
   46 0 0 0 1 0
   47 1 0 1 0 1
   48 0 0 1 0 1
   49 1 1 0 0 1
   50 1 1 1 0 1
   51 1 1 0 1 0
   52 0 0 1 0 1
Test data (trial/4 log cues/resp choice 1or2/rtime)
   53 0 1 0 1 1 9.214
   54 1 1 0 0 1 2.548
   55 1 1 1 0 2 1.773
   56 0 0 1 0 1 1.202
   57 1 0 1 1 2 2.381
   58 1 1 0 1 2 1.446
   59 0 0 1 1 2 4.488
   60 0 1 1 0 1 3.927
   61 0 1 1 1 2 10.494
   62 0 0 0 1 2 2.642
   63 1 0 1 0 2 5.850
   64 0 1 0 0 1 3.448
   65 1 0 0 1 2 2.691
   66 1 0 0 0 2 1.427
