s17           (Subject Code)
 4            (Counterbal Condition)
 12            2            (Map: Phys to Log cues for each task)
disease       (Task Format)
FnoA          (Task Condition)
Training data (trial/4 log cues/outcome/[resp corr?/rtime])
    1 1 0 0 0 0 0 %36.188
    2 0 0 1 0 1 1 2.421
    3 1 1 0 0 1 1 1.164
    4 0 1 1 1 0 1 2.792
    5 0 1 1 1 1 0 1.436
    6 0 1 1 1 0 0 1.819
    7 0 1 0 1 0 0 2.057
    8 0 0 1 1 0 1 1.211
    9 1 1 0 1 1 0 1.356
   10 0 1 0 1 1 0 5.360
   11 0 0 0 1 0 0 1.263
   12 1 1 0 1 0 1 2.825
   13 0 0 1 0 0 0 1.402
   14 1 1 1 0 0 1 3.024
   15 1 1 0 0 1 0 1.254
   16 0 1 0 0 1 1 3.438
   17 0 0 1 1 0 0 1.429
   18 1 0 0 1 1 0 1.242
   19 0 0 0 1 0 1 2.383
   20 1 0 1 1 1 0 1.063
   21 0 1 0 1 1 0 1.817
   22 1 1 1 0 1 0 1.090
   23 1 1 0 1 1 0 0.850
   24 0 1 1 0 0 0 0.485
   25 1 0 1 1 0 1 0.887
   26 0 1 1 0 0 1 1.775
   27 1 0 0 0 1 0 1.929
   28 0 0 1 0 0 1 1.333
   29 0 0 1 1 0 1 1.993
   30 1 1 1 0 1 0 0.996
   31 1 0 0 1 0 1 2.061
   32 1 0 0 0 1 0 0.787
   33 0 1 0 0 0 0 1.545
   34 0 0 0 1 1 0 0.794
   35 1 0 1 0 0 1 0.725
   36 1 0 1 0 1 0 0.669
   37 1 0 0 1 0 0 1.378
   38 1 0 1 0 1 0 0.861
   39 1 1 0 0 1 1 0.868
   40 1 1 1 0 1 1 1.340
   41 0 1 0 0 1 1 1.707
   42 1 1 0 1 1 1 0.576
   43 0 0 1 1 0 0 0.785
   44 0 1 0 1 0 0 0.789
   45 1 1 0 0 1 0 1.304
   46 0 0 0 1 0 0 0.828
   47 0 1 1 0 1 0 0.818
   48 0 1 1 0 1 1 0.469
   49 0 1 0 0 1 1 1.387
   50 1 0 0 1 1 1 0.669
   51 1 0 0 0 1 0 1.507
   52 1 0 1 1 0 1 1.122
   53 0 1 1 1 0 1 0.851
   54 1 0 1 1 0 1 0.700
   55 1 0 1 0 0 1 0.572
   56 0 0 1 0 0 1 0.481
Test data (trial/4 log cues/resp choice 1or2/rtime)
   57 1 1 0 1 2 1.786
   58 0 1 1 0 2 2.607
   59 0 0 1 0 2 2.222
   60 1 0 0 0 1 2.986
   61 1 0 1 1 2 1.301
   62 0 1 1 1 2 1.037
   63 1 1 0 0 2 2.374
   64 0 1 0 0 1 0.815
   65 0 1 0 1 1 0.688
   66 1 1 1 0 2 2.492
   67 0 0 1 1 2 1.020
   68 1 0 1 0 1 0.605
   69 1 0 0 1 2 3.318
   70 0 0 0 1 1 0.668
weather       (Task Format)
AnoF          (Task Condition)
Training data (trial/4 log cues/outcome/[resp corr?/rtime])
    1 0 1 0 0 0
    2 1 0 0 0 1
    3 1 0 0 0 1
    4 0 1 0 1 0
    5 0 0 1 0 0
    6 0 0 0 1 0
    7 0 1 1 0 0
    8 1 0 0 0 1
    9 0 1 0 0 0
   10 1 0 1 0 0
   11 0 1 1 0 0
   12 1 1 0 1 1
   13 0 0 0 1 1
   14 0 0 1 0 0
   15 0 0 1 1 0
   16 1 0 0 0 1
   17 0 1 0 1 1
   18 0 1 0 0 1
   19 1 1 0 0 1
   20 1 0 1 1 1
   21 0 1 0 1 0
   22 0 0 1 1 0
   23 0 0 0 1 0
   24 1 1 0 0 1
   25 0 0 0 1 0
   26 1 0 0 0 0
   27 1 0 0 0 1
   28 1 1 0 0 1
   29 0 1 0 0 0
   30 0 0 1 1 0
   31 0 0 1 1 0
   32 0 0 0 1 0
   33 1 0 1 1 0
   34 1 0 1 0 1
   35 1 0 0 1 0
   36 1 0 1 0 1
   37 1 0 0 1 1
   38 0 0 0 1 0
   39 0 1 0 1 0
   40 0 1 0 0 1
   41 0 0 1 0 1
   42 0 0 1 0 0
   43 0 1 1 1 0
   44 1 0 0 0 1
   45 0 1 0 0 1
   46 0 0 0 1 0
   47 1 0 1 0 1
   48 0 0 1 0 1
   49 1 1 0 0 1
   50 1 1 1 0 1
   51 1 1 0 1 0
   52 0 0 1 0 1
Test data (trial/4 log cues/resp choice 1or2/rtime)
   53 0 1 0 1 2 6.636
   54 1 1 0 0 1 4.050
   55 1 1 1 0 2 4.046
   56 0 0 1 0 2 0.661
   57 1 0 1 1 1 4.365
   58 1 1 0 1 2 4.927
   59 0 0 1 1 2 1.221
   60 0 1 1 0 1 2.089
   61 0 1 1 1 2 2.257
   62 0 0 0 1 2 0.569
   63 1 0 1 0 1 1.070
   64 0 1 0 0 2 0.657
   65 1 0 0 1 2 1.025
   66 1 0 0 0 1 0.894
