s18           (Subject Code)
 2            (Counterbal Condition)
 15            19           (Map: Phys to Log cues for each task)
weather       (Task Format)
FnoA          (Task Condition)
Training data (trial/4 log cues/outcome/[resp corr?/rtime])
    1 1 0 0 0 0 0 7.071
    2 0 0 1 0 1 1 3.033
    3 1 1 0 0 1 0 4.095
    4 0 1 1 1 0 0 7.132
    5 0 1 1 1 1 0 3.921
    6 0 1 1 1 0 0 4.726
    7 0 1 0 1 0 1 4.426
    8 0 0 1 1 0 0 4.221
    9 1 1 0 1 1 0 3.540
   10 0 1 0 1 1 1 4.886
   11 0 0 0 1 0 0 2.185
   12 1 1 0 1 0 0 4.392
   13 0 0 1 0 0 1 3.559
   14 1 1 1 0 0 1 2.353
   15 1 1 0 0 1 0 2.947
   16 0 1 0 0 1 1 2.606
   17 0 0 1 1 0 0 3.126
   18 1 0 0 1 1 0 4.371
   19 0 0 0 1 0 0 3.037
   20 1 0 1 1 1 0 4.060
   21 0 1 0 1 1 0 3.904
   22 1 1 1 0 1 1 3.115
   23 1 1 0 1 1 0 5.624
   24 0 1 1 0 0 1 2.976
   25 1 0 1 1 0 0 3.654
   26 0 1 1 0 0 1 2.671
   27 1 0 0 0 1 1 1.741
   28 0 0 1 0 0 1 2.287
   29 0 0 1 1 0 1 3.063
   30 1 1 1 0 1 1 2.282
   31 1 0 0 1 0 0 2.673
   32 1 0 0 0 1 1 2.676
   33 0 1 0 0 0 1 2.281
   34 0 0 0 1 1 1 2.511
   35 1 0 1 0 0 1 1.780
   36 1 0 1 0 1 1 3.340
   37 1 0 0 1 0 1 0.000
   38 1 0 1 0 1 0 3.684
   39 1 1 0 0 1 0 3.797
   40 1 1 1 0 1 1 1.456
   41 0 1 0 0 1 0 3.622
   42 1 1 0 1 1 1 4.264
   43 0 0 1 1 0 1 1.088
   44 0 1 0 1 0 1 1.806
   45 1 1 0 0 1 0 0.000
   46 0 0 0 1 0 0 2.070
   47 0 1 1 0 1 0 3.534
   48 0 1 1 0 1 0 2.168
   49 0 1 0 0 1 0 2.760
   50 1 0 0 1 1 1 1.902
   51 1 0 0 0 1 1 2.240
   52 1 0 1 1 0 0 1.071
   53 0 1 1 1 0 1 2.308
   54 1 0 1 1 0 1 3.500
   55 1 0 1 0 0 1 2.277
   56 0 0 1 0 0 0 1.921
Test data (trial/4 log cues/resp choice 1or2/rtime)
   57 1 1 0 1 1 3.839
   58 0 1 1 0 2 3.736
   59 0 0 1 0 2 1.080
   60 1 0 0 0 1 4.562
   61 1 0 1 1 2 4.963
   62 0 1 1 1 2 6.032
   63 1 1 0 0 2 7.600
   64 0 1 0 0 2 4.744
   65 0 1 0 1 2 6.418
   66 1 1 1 0 2 2.671
   67 0 0 1 1 1 5.159
   68 1 0 1 0 2 4.691
   69 1 0 0 1 1 2.429
   70 0 0 0 1 2 5.797
disease       (Task Format)
AnoF          (Task Condition)
Training data (trial/4 log cues/outcome/[resp corr?/rtime])
    1 0 1 0 0 0
    2 1 0 0 0 1
    3 1 0 0 0 1
    4 0 1 0 1 0
    5 0 0 1 0 0
    6 0 0 0 1 0
    7 0 1 1 0 0
    8 1 0 0 0 1
    9 0 1 0 0 0
   10 1 0 1 0 0
   11 0 1 1 0 0
   12 1 1 0 1 1
   13 0 0 0 1 1
   14 0 0 1 0 0
   15 0 0 1 1 0
   16 1 0 0 0 1
   17 0 1 0 1 1
   18 0 1 0 0 1
   19 1 1 0 0 1
   20 1 0 1 1 1
   21 0 1 0 1 0
   22 0 0 1 1 0
   23 0 0 0 1 0
   24 1 1 0 0 1
   25 0 0 0 1 0
   26 1 0 0 0 0
   27 1 0 0 0 1
   28 1 1 0 0 1
   29 0 1 0 0 0
   30 0 0 1 1 0
   31 0 0 1 1 0
   32 0 0 0 1 0
   33 1 0 1 1 0
   34 1 0 1 0 1
   35 1 0 0 1 0
   36 1 0 1 0 1
   37 1 0 0 1 1
   38 0 0 0 1 0
   39 0 1 0 1 0
   40 0 1 0 0 1
   41 0 0 1 0 1
   42 0 0 1 0 0
   43 0 1 1 1 0
   44 1 0 0 0 1
   45 0 1 0 0 1
   46 0 0 0 1 0
   47 1 0 1 0 1
   48 0 0 1 0 1
   49 1 1 0 0 1
   50 1 1 1 0 1
   51 1 1 0 1 0
   52 0 0 1 0 1
Test data (trial/4 log cues/resp choice 1or2/rtime)
   53 0 1 0 1 2 4.639
   54 1 1 0 0 1 4.396
   55 1 1 1 0 2 3.771
   56 0 0 1 0 1 1.311
   57 1 0 1 1 2 4.343
   58 1 1 0 1 2 2.409
   59 0 0 1 1 1 1.393
   60 0 1 1 0 1 1.574
   61 0 1 1 1 1 1.804
   62 0 0 0 1 2 1.062
   63 1 0 1 0 2 1.955
   64 0 1 0 0 1 1.318
   65 1 0 0 1 2 2.462
   66 1 0 0 0 2 2.142
