s2            (Subject Code)
 2            (Counterbal Condition)
 11            18           (Map: Phys to Log cues for each task)
weather       (Task Format)
FnoA          (Task Condition)
Training data (trial/4 log cues/outcome/[resp corr?/rtime])
    1 1 0 0 0 0 1 2.615
    2 0 0 1 0 1 1 2.087
    3 1 1 0 0 1 0 3.409
    4 0 1 1 1 0 0 2.656
    5 0 1 1 1 1 1 2.334
    6 0 1 1 1 0 1 2.325
    7 0 1 0 1 0 0 2.395
    8 0 0 1 1 0 0 2.233
    9 1 1 0 1 1 1 2.545
   10 0 1 0 1 1 1 2.682
   11 0 0 0 1 0 0 2.760
   12 1 1 0 1 0 1 2.506
   13 0 0 1 0 0 0 2.714
   14 1 1 1 0 0 0 2.864
   15 1 1 0 0 1 0 2.793
   16 0 1 0 0 1 0 2.622
   17 0 0 1 1 0 0 2.547
   18 1 0 0 1 1 0 2.468
   19 0 0 0 1 0 0 3.300
   20 1 0 1 1 1 1 2.311
   21 0 1 0 1 1 1 2.690
   22 1 1 1 0 1 0 2.432
   23 1 1 0 1 1 0 2.600
   24 0 1 1 0 0 0 2.199
   25 1 0 1 1 0 0 2.133
   26 0 1 1 0 0 1 1.788
   27 1 0 0 0 1 0 2.644
   28 0 0 1 0 0 1 2.603
   29 0 0 1 1 0 1 2.413
   30 1 1 1 0 1 1 2.285
   31 1 0 0 1 0 1 1.732
   32 1 0 0 0 1 0 1.785
   33 0 1 0 0 0 1 1.098
   34 0 0 0 1 1 1 2.492
   35 1 0 1 0 0 1 1.912
   36 1 0 1 0 1 1 1.519
   37 1 0 0 1 0 1 1.231
   38 1 0 1 0 1 1 1.019
   39 1 1 0 0 1 0 1.057
   40 1 1 1 0 1 0 1.422
   41 0 1 0 0 1 0 1.298
   42 1 1 0 1 1 1 0.960
   43 0 0 1 1 0 1 1.455
   44 0 1 0 1 0 1 1.181
   45 1 1 0 0 1 1 1.389
   46 0 0 0 1 0 0 1.037
   47 0 1 1 0 1 0 0.801
   48 0 1 1 0 1 0 0.763
   49 0 1 0 0 1 1 0.690
   50 1 0 0 1 1 0 0.767
   51 1 0 0 0 1 1 1.225
   52 1 0 1 1 0 0 1.002
   53 0 1 1 1 0 0 1.257
   54 1 0 1 1 0 0 1.456
   55 1 0 1 0 0 1 0.774
   56 0 0 1 0 0 1 0.733
Test data (trial/4 log cues/resp choice 1or2/rtime)
   57 1 1 0 1 2 2.440
   58 0 1 1 0 2 2.406
   59 0 0 1 0 1 1.031
   60 1 0 0 0 1 1.240
   61 1 0 1 1 2 1.114
   62 0 1 1 1 2 1.275
   63 1 1 0 0 1 1.594
   64 0 1 0 0 1 1.052
   65 0 1 0 1 2 1.580
   66 1 1 1 0 2 1.679
   67 0 0 1 1 1 1.314
   68 1 0 1 0 2 1.427
   69 1 0 0 1 2 0.912
   70 0 0 0 1 2 1.370
disease       (Task Format)
AnoF          (Task Condition)
Training data (trial/4 log cues/outcome/[resp corr?/rtime])
    1 0 1 0 0 0
    2 1 0 0 0 1
    3 1 0 0 0 1
    4 0 1 0 1 0
    5 0 0 1 0 0
    6 0 0 0 1 0
    7 0 1 1 0 0
    8 1 0 0 0 1
    9 0 1 0 0 0
   10 1 0 1 0 0
   11 0 1 1 0 0
   12 1 1 0 1 1
   13 0 0 0 1 1
   14 0 0 1 0 0
   15 0 0 1 1 0
   16 1 0 0 0 1
   17 0 1 0 1 1
   18 0 1 0 0 1
   19 1 1 0 0 1
   20 1 0 1 1 1
   21 0 1 0 1 0
   22 0 0 1 1 0
   23 0 0 0 1 0
   24 1 1 0 0 1
   25 0 0 0 1 0
   26 1 0 0 0 0
   27 1 0 0 0 1
   28 1 1 0 0 1
   29 0 1 0 0 0
   30 0 0 1 1 0
   31 0 0 1 1 0
   32 0 0 0 1 0
   33 1 0 1 1 0
   34 1 0 1 0 1
   35 1 0 0 1 0
   36 1 0 1 0 1
   37 1 0 0 1 1
   38 0 0 0 1 0
   39 0 1 0 1 0
   40 0 1 0 0 1
   41 0 0 1 0 1
   42 0 0 1 0 0
   43 0 1 1 1 0
   44 1 0 0 0 1
   45 0 1 0 0 1
   46 0 0 0 1 0
   47 1 0 1 0 1
   48 0 0 1 0 1
   49 1 1 0 0 1
   50 1 1 1 0 1
   51 1 1 0 1 0
   52 0 0 1 0 1
Test data (trial/4 log cues/resp choice 1or2/rtime)
   53 0 1 0 1 2 2.838
   54 1 1 0 0 2 1.762
   55 1 1 1 0 2 1.016
   56 0 0 1 0 1 0.774
   57 1 0 1 1 1 1.171
   58 1 1 0 1 2 1.330
   59 0 0 1 1 2 1.368
   60 0 1 1 0 1 1.192
   61 0 1 1 1 2 1.636
   62 0 0 0 1 2 0.918
   63 1 0 1 0 1 0.898
   64 0 1 0 0 2 1.275
   65 1 0 0 1 1 1.949
   66 1 0 0 0 1 0.614
