s20           (Subject Code)
 4            (Counterbal Condition)
 1             9            (Map: Phys to Log cues for each task)
disease       (Task Format)
FnoA          (Task Condition)
Training data (trial/4 log cues/outcome/[resp corr?/rtime])
    1 1 0 0 0 0 0 8.079
    2 0 0 1 0 1 0 2.040
    3 1 1 0 0 1 0 1.560
    4 0 1 1 1 0 1 0.680
    5 0 1 1 1 1 0 1.617
    6 0 1 1 1 0 1 1.393
    7 0 1 0 1 0 0 1.219
    8 0 0 1 1 0 0 0.909
    9 1 1 0 1 1 1 1.642
   10 0 1 0 1 1 0 1.347
   11 0 0 0 1 0 0 2.039
   12 1 1 0 1 0 0 1.565
   13 0 0 1 0 0 0 1.542
   14 1 1 1 0 0 1 1.254
   15 1 1 0 0 1 0 2.115
   16 0 1 0 0 1 1 1.540
   17 0 0 1 1 0 1 2.316
   18 1 0 0 1 1 1 1.910
   19 0 0 0 1 0 0 1.755
   20 1 0 1 1 1 1 2.616
   21 0 1 0 1 1 0 2.085
   22 1 1 1 0 1 0 1.834
   23 1 1 0 1 1 0 1.566
   24 0 1 1 0 0 0 0.987
   25 1 0 1 1 0 0 1.737
   26 0 1 1 0 0 0 1.547
   27 1 0 0 0 1 0 1.335
   28 0 0 1 0 0 0 2.433
   29 0 0 1 1 0 0 1.023
   30 1 1 1 0 1 1 1.614
   31 1 0 0 1 0 1 1.378
   32 1 0 0 0 1 0 2.468
   33 0 1 0 0 0 1 1.351
   34 0 0 0 1 1 0 1.529
   35 1 0 1 0 0 1 1.416
   36 1 0 1 0 1 0 0.887
   37 1 0 0 1 0 0 0.824
   38 1 0 1 0 1 0 0.543
   39 1 1 0 0 1 1 0.641
   40 1 1 1 0 1 0 1.645
   41 0 1 0 0 1 1 0.758
   42 1 1 0 1 1 1 1.965
   43 0 0 1 1 0 0 3.000
   44 0 1 0 1 0 1 0.899
   45 1 1 0 0 1 1 1.190
   46 0 0 0 1 0 0 1.379
   47 0 1 1 0 1 1 1.088
   48 0 1 1 0 1 0 0.904
   49 0 1 0 0 1 1 0.802
   50 1 0 0 1 1 0 3.516
   51 1 0 0 0 1 1 0.433
   52 1 0 1 1 0 1 0.947
   53 0 1 1 1 0 0 1.423
   54 1 0 1 1 0 1 1.163
   55 1 0 1 0 0 1 1.036
   56 0 0 1 0 0 0 1.633
Test data (trial/4 log cues/resp choice 1or2/rtime)
   57 1 1 0 1 2 1.727
   58 0 1 1 0 1 1.864
   59 0 0 1 0 1 1.295
   60 1 0 0 0 2 1.357
   61 1 0 1 1 1 1.719
   62 0 1 1 1 2 1.484
   63 1 1 0 0 1 1.669
   64 0 1 0 0 2 1.207
   65 0 1 0 1 1 1.282
   66 1 1 1 0 2 1.513
   67 0 0 1 1 1 0.988
   68 1 0 1 0 1 1.254
   69 1 0 0 1 1 1.288
   70 0 0 0 1 2 1.011
weather       (Task Format)
AnoF          (Task Condition)
Training data (trial/4 log cues/outcome/[resp corr?/rtime])
    1 0 1 0 0 0
    2 1 0 0 0 1
    3 1 0 0 0 1
    4 0 1 0 1 0
    5 0 0 1 0 0
    6 0 0 0 1 0
    7 0 1 1 0 0
    8 1 0 0 0 1
    9 0 1 0 0 0
   10 1 0 1 0 0
   11 0 1 1 0 0
   12 1 1 0 1 1
   13 0 0 0 1 1
   14 0 0 1 0 0
   15 0 0 1 1 0
   16 1 0 0 0 1
   17 0 1 0 1 1
   18 0 1 0 0 1
   19 1 1 0 0 1
   20 1 0 1 1 1
   21 0 1 0 1 0
   22 0 0 1 1 0
   23 0 0 0 1 0
   24 1 1 0 0 1
   25 0 0 0 1 0
   26 1 0 0 0 0
   27 1 0 0 0 1
   28 1 1 0 0 1
   29 0 1 0 0 0
   30 0 0 1 1 0
   31 0 0 1 1 0
   32 0 0 0 1 0
   33 1 0 1 1 0
   34 1 0 1 0 1
   35 1 0 0 1 0
   36 1 0 1 0 1
   37 1 0 0 1 1
   38 0 0 0 1 0
   39 0 1 0 1 0
   40 0 1 0 0 1
   41 0 0 1 0 1
   42 0 0 1 0 0
   43 0 1 1 1 0
   44 1 0 0 0 1
   45 0 1 0 0 1
   46 0 0 0 1 0
   47 1 0 1 0 1
   48 0 0 1 0 1
   49 1 1 0 0 1
   50 1 1 1 0 1
   51 1 1 0 1 0
   52 0 0 1 0 1
Test data (trial/4 log cues/resp choice 1or2/rtime)
   53 0 1 0 1 2 3.616
   54 1 1 0 0 1 1.930
   55 1 1 1 0 2 1.612
   56 0 0 1 0 2 1.086
   57 1 0 1 1 2 1.820
   58 1 1 0 1 1 2.243
   59 0 0 1 1 2 0.896
   60 0 1 1 0 2 1.543
   61 0 1 1 1 2 1.210
   62 0 0 0 1 2 1.209
   63 1 0 1 0 2 1.431
   64 0 1 0 0 1 0.827
   65 1 0 0 1 1 1.292
   66 1 0 0 0 1 1.311
