s22           (Subject Code)
 2            (Counterbal Condition)
 24            20           (Map: Phys to Log cues for each task)
weather       (Task Format)
FnoA          (Task Condition)
Training data (trial/4 log cues/outcome/[resp corr?/rtime])
    1 1 0 0 0 0 1 9.557
    2 0 0 1 0 1 0 3.832
    3 1 1 0 0 1 1 9.266
    4 0 1 1 1 0 0 3.125
    5 0 1 1 1 1 1 2.261
    6 0 1 1 1 0 0 1.723
    7 0 1 0 1 0 0 1.756
    8 0 0 1 1 0 1 4.606
    9 1 1 0 1 1 1 5.685
   10 0 1 0 1 1 1 0.948
   11 0 0 0 1 0 0 0.897
   12 1 1 0 1 0 0 1.948
   13 0 0 1 0 0 1 1.339
   14 1 1 1 0 0 1 1.725
   15 1 1 0 0 1 0 2.949
   16 0 1 0 0 1 1 1.071
   17 0 0 1 1 0 0 1.123
   18 1 0 0 1 1 0 0.979
   19 0 0 0 1 0 1 1.852
   20 1 0 1 1 1 0 4.020
   21 0 1 0 1 1 1 1.395
   22 1 1 1 0 1 0 3.018
   23 1 1 0 1 1 1 0.830
   24 0 1 1 0 0 0 0.508
   25 1 0 1 1 0 1 2.709
   26 0 1 1 0 0 0 1.132
   27 1 0 0 0 1 0 0.903
   28 0 0 1 0 0 1 3.430
   29 0 0 1 1 0 1 1.500
   30 1 1 1 0 1 0 1.575
   31 1 0 0 1 0 0 2.111
   32 1 0 0 0 1 0 1.471
   33 0 1 0 0 0 0 1.100
   34 0 0 0 1 1 1 1.200
   35 1 0 1 0 0 1 2.736
   36 1 0 1 0 1 0 0.893
   37 1 0 0 1 0 0 4.434
   38 1 0 1 0 1 0 1.510
   39 1 1 0 0 1 0 2.163
   40 1 1 1 0 1 1 1.761
   41 0 1 0 0 1 1 0.952
   42 1 1 0 1 1 1 1.054
   43 0 0 1 1 0 1 1.765
   44 0 1 0 1 0 0 2.849
   45 1 1 0 0 1 0 2.777
   46 0 0 0 1 0 0 1.048
   47 0 1 1 0 1 1 0.770
   48 0 1 1 0 1 1 0.560
   49 0 1 0 0 1 1 0.550
   50 1 0 0 1 1 0 2.583
   51 1 0 0 0 1 0 0.859
   52 1 0 1 1 0 0 0.480
   53 0 1 1 1 0 0 0.814
   54 1 0 1 1 0 1 0.598
   55 1 0 1 0 0 1 1.167
   56 0 0 1 0 0 1 2.217
Test data (trial/4 log cues/resp choice 1or2/rtime)
   57 1 1 0 1 2 4.061
   58 0 1 1 0 1 3.189
   59 0 0 1 0 2 1.612
   60 1 0 0 0 2 1.317
   61 1 0 1 1 1 1.877
   62 0 1 1 1 1 1.494
   63 1 1 0 0 1 4.962
   64 0 1 0 0 1 0.902
   65 0 1 0 1 1 2.450
   66 1 1 1 0 1 2.524
   67 0 0 1 1 2 1.835
   68 1 0 1 0 2 2.605
   69 1 0 0 1 1 2.487
   70 0 0 0 1 1 1.253
disease       (Task Format)
AnoF          (Task Condition)
Training data (trial/4 log cues/outcome/[resp corr?/rtime])
    1 0 1 0 0 0
    2 1 0 0 0 1
    3 1 0 0 0 1
    4 0 1 0 1 0
    5 0 0 1 0 0
    6 0 0 0 1 0
    7 0 1 1 0 0
    8 1 0 0 0 1
    9 0 1 0 0 0
   10 1 0 1 0 0
   11 0 1 1 0 0
   12 1 1 0 1 1
   13 0 0 0 1 1
   14 0 0 1 0 0
   15 0 0 1 1 0
   16 1 0 0 0 1
   17 0 1 0 1 1
   18 0 1 0 0 1
   19 1 1 0 0 1
   20 1 0 1 1 1
   21 0 1 0 1 0
   22 0 0 1 1 0
   23 0 0 0 1 0
   24 1 1 0 0 1
   25 0 0 0 1 0
   26 1 0 0 0 0
   27 1 0 0 0 1
   28 1 1 0 0 1
   29 0 1 0 0 0
   30 0 0 1 1 0
   31 0 0 1 1 0
   32 0 0 0 1 0
   33 1 0 1 1 0
   34 1 0 1 0 1
   35 1 0 0 1 0
   36 1 0 1 0 1
   37 1 0 0 1 1
   38 0 0 0 1 0
   39 0 1 0 1 0
   40 0 1 0 0 1
   41 0 0 1 0 1
   42 0 0 1 0 0
   43 0 1 1 1 0
   44 1 0 0 0 1
   45 0 1 0 0 1
   46 0 0 0 1 0
   47 1 0 1 0 1
   48 0 0 1 0 1
   49 1 1 0 0 1
   50 1 1 1 0 1
   51 1 1 0 1 0
   52 0 0 1 0 1
Test data (trial/4 log cues/resp choice 1or2/rtime)
   53 0 1 0 1 2 21.420
   54 1 1 0 0 1 3.159
   55 1 1 1 0 1 3.045
   56 0 0 1 0 2 2.075
   57 1 0 1 1 2 2.737
   58 1 1 0 1 2 2.469
   59 0 0 1 1 2 1.707
   60 0 1 1 0 2 1.260
   61 0 1 1 1 2 1.308
   62 0 0 0 1 2 2.454
   63 1 0 1 0 1 1.932
   64 0 1 0 0 2 1.138
   65 1 0 0 1 1 3.554
   66 1 0 0 0 1 0.999
