s24           (Subject Code)
 4            (Counterbal Condition)
 1             9            (Map: Phys to Log cues for each task)
disease       (Task Format)
FnoA          (Task Condition)
Training data (trial/4 log cues/outcome/[resp corr?/rtime])
    1 1 0 0 0 0 1 3.078
    2 0 0 1 0 1 0 1.283
    3 1 1 0 0 1 0 1.486
    4 0 1 1 1 0 0 1.400
    5 0 1 1 1 1 0 1.511
    6 0 1 1 1 0 0 1.684
    7 0 1 0 1 0 1 0.611
    8 0 0 1 1 0 0 1.587
    9 1 1 0 1 1 0 1.673
   10 0 1 0 1 1 0 1.411
   11 0 0 0 1 0 0 1.439
   12 1 1 0 1 0 1 1.434
   13 0 0 1 0 0 1 0.525
   14 1 1 1 0 0 1 0.812
   15 1 1 0 0 1 1 1.517
   16 0 1 0 0 1 0 1.819
   17 0 0 1 1 0 1 0.921
   18 1 0 0 1 1 1 1.070
   19 0 0 0 1 0 1 1.269
   20 1 0 1 1 1 1 1.272
   21 0 1 0 1 1 1 1.718
   22 1 1 1 0 1 1 1.410
   23 1 1 0 1 1 1 0.796
   24 0 1 1 0 0 1 1.368
   25 1 0 1 1 0 0 1.972
   26 0 1 1 0 0 1 0.568
   27 1 0 0 0 1 1 0.921
   28 0 0 1 0 0 1 1.041
   29 0 0 1 1 0 1 0.683
   30 1 1 1 0 1 0 0.849
   31 1 0 0 1 0 0 0.687
   32 1 0 0 0 1 1 1.103
   33 0 1 0 0 0 0 0.961
   34 0 0 0 1 1 1 0.842
   35 1 0 1 0 0 0 0.889
   36 1 0 1 0 1 0 1.508
   37 1 0 0 1 0 0 0.641
   38 1 0 1 0 1 1 2.172
   39 1 1 0 0 1 1 1.020
   40 1 1 1 0 1 0 1.385
   41 0 1 0 0 1 1 0.832
   42 1 1 0 1 1 1 0.662
   43 0 0 1 1 0 0 0.518
   44 0 1 0 1 0 0 1.209
   45 1 1 0 0 1 1 1.808
   46 0 0 0 1 0 1 0.879
   47 0 1 1 0 1 1 0.641
   48 0 1 1 0 1 1 0.541
   49 0 1 0 0 1 1 0.749
   50 1 0 0 1 1 0 1.175
   51 1 0 0 0 1 1 0.596
   52 1 0 1 1 0 0 0.632
   53 0 1 1 1 0 1 1.767
   54 1 0 1 1 0 0 1.322
   55 1 0 1 0 0 1 0.436
   56 0 0 1 0 0 1 0.444
Test data (trial/4 log cues/resp choice 1or2/rtime)
   57 1 1 0 1 2 4.410
   58 0 1 1 0 2 1.073
   59 0 0 1 0 2 0.533
   60 1 0 0 0 1 1.169
   61 1 0 1 1 2 0.768
   62 0 1 1 1 2 0.672
   63 1 1 0 0 1 0.800
   64 0 1 0 0 1 1.018
   65 0 1 0 1 2 1.836
   66 1 1 1 0 2 0.922
   67 0 0 1 1 2 0.677
   68 1 0 1 0 2 0.632
   69 1 0 0 1 2 1.576
   70 0 0 0 1 1 1.231
weather       (Task Format)
AnoF          (Task Condition)
Training data (trial/4 log cues/outcome/[resp corr?/rtime])
    1 0 1 0 0 0
    2 1 0 0 0 1
    3 1 0 0 0 1
    4 0 1 0 1 0
    5 0 0 1 0 0
    6 0 0 0 1 0
    7 0 1 1 0 0
    8 1 0 0 0 1
    9 0 1 0 0 0
   10 1 0 1 0 0
   11 0 1 1 0 0
   12 1 1 0 1 1
   13 0 0 0 1 1
   14 0 0 1 0 0
   15 0 0 1 1 0
   16 1 0 0 0 1
   17 0 1 0 1 1
   18 0 1 0 0 1
   19 1 1 0 0 1
   20 1 0 1 1 1
   21 0 1 0 1 0
   22 0 0 1 1 0
   23 0 0 0 1 0
   24 1 1 0 0 1
   25 0 0 0 1 0
   26 1 0 0 0 0
   27 1 0 0 0 1
   28 1 1 0 0 1
   29 0 1 0 0 0
   30 0 0 1 1 0
   31 0 0 1 1 0
   32 0 0 0 1 0
   33 1 0 1 1 0
   34 1 0 1 0 1
   35 1 0 0 1 0
   36 1 0 1 0 1
   37 1 0 0 1 1
   38 0 0 0 1 0
   39 0 1 0 1 0
   40 0 1 0 0 1
   41 0 0 1 0 1
   42 0 0 1 0 0
   43 0 1 1 1 0
   44 1 0 0 0 1
   45 0 1 0 0 1
   46 0 0 0 1 0
   47 1 0 1 0 1
   48 0 0 1 0 1
   49 1 1 0 0 1
   50 1 1 1 0 1
   51 1 1 0 1 0
   52 0 0 1 0 1
Test data (trial/4 log cues/resp choice 1or2/rtime)
   53 0 1 0 1 2 7.976
   54 1 1 0 0 1 1.339
   55 1 1 1 0 1 1.743
   56 0 0 1 0 1 1.879
   57 1 0 1 1 1 3.464
   58 1 1 0 1 2 2.948
   59 0 0 1 1 2 3.646
   60 0 1 1 0 2 1.620
   61 0 1 1 1 2 1.589
   62 0 0 0 1 2 3.549
   63 1 0 1 0 1 1.368
   64 0 1 0 0 2 1.258
   65 1 0 0 1 2 1.695
   66 1 0 0 0 1 1.119
