s26           (Subject Code)
 2            (Counterbal Condition)
 14            12           (Map: Phys to Log cues for each task)
weather       (Task Format)
FnoA          (Task Condition)
Training data (trial/4 log cues/outcome/[resp corr?/rtime])
    1 1 0 0 0 0 0 4.915
    2 0 0 1 0 1 0 1.999
    3 1 1 0 0 1 0 0.733
    4 0 1 1 1 0 0 7.061
    5 0 1 1 1 1 0 1.715
    6 0 1 1 1 0 1 1.370
    7 0 1 0 1 0 1 1.991
    8 0 0 1 1 0 1 1.966
    9 1 1 0 1 1 0 3.453
   10 0 1 0 1 1 0 1.235
   11 0 0 0 1 0 0 2.227
   12 1 1 0 1 0 1 1.587
   13 0 0 1 0 0 1 3.260
   14 1 1 1 0 0 1 1.913
   15 1 1 0 0 1 0 2.610
   16 0 1 0 0 1 0 1.027
   17 0 0 1 1 0 1 0.984
   18 1 0 0 1 1 0 0.915
   19 0 0 0 1 0 1 1.201
   20 1 0 1 1 1 0 0.888
   21 0 1 0 1 1 1 7.886
   22 1 1 1 0 1 0 3.122
   23 1 1 0 1 1 0 3.141
   24 0 1 1 0 0 1 3.468
   25 1 0 1 1 0 0 1.362
   26 0 1 1 0 0 1 3.360
   27 1 0 0 0 1 0 2.615
   28 0 0 1 0 0 1 2.122
   29 0 0 1 1 0 1 2.195
   30 1 1 1 0 1 1 2.158
   31 1 0 0 1 0 1 1.447
   32 1 0 0 0 1 1 1.358
   33 0 1 0 0 0 1 1.280
   34 0 0 0 1 1 0 1.080
   35 1 0 1 0 0 1 2.210
   36 1 0 1 0 1 0 0.977
   37 1 0 0 1 0 0 2.507
   38 1 0 1 0 1 0 0.989
   39 1 1 0 0 1 0 2.107
   40 1 1 1 0 1 0 0.000
   41 0 1 0 0 1 1 0.001
   42 1 1 0 1 1 0 0.001
   43 0 0 1 1 0 1 3.753
   44 0 1 0 1 0 1 1.737
   45 1 1 0 0 1 1 0.761
   46 0 0 0 1 0 0 0.709
   47 0 1 1 0 1 0 0.845
   48 0 1 1 0 1 0 0.969
   49 0 1 0 0 1 0 0.994
   50 1 0 0 1 1 1 1.638
   51 1 0 0 0 1 1 2.042
   52 1 0 1 1 0 0 1.871
   53 0 1 1 1 0 1 0.820
   54 1 0 1 1 0 0 1.614
   55 1 0 1 0 0 1 1.035
   56 0 0 1 0 0 1 0.612
Test data (trial/4 log cues/resp choice 1or2/rtime)
   57 1 1 0 1 2 3.631
   58 0 1 1 0 1 8.966
   59 0 0 1 0 1 1.904
   60 1 0 0 0 2 2.675
   61 1 0 1 1 1 2.740
   62 0 1 1 1 2 2.443
   63 1 1 0 0 2 2.126
   64 0 1 0 0 2 1.348
   65 0 1 0 1 1 1.291
   66 1 1 1 0 2 1.777
   67 0 0 1 1 2 2.066
   68 1 0 1 0 1 0.714
   69 1 0 0 1 2 1.497
   70 0 0 0 1 1 1.649
disease       (Task Format)
AnoF          (Task Condition)
Training data (trial/4 log cues/outcome/[resp corr?/rtime])
    1 0 1 0 0 0
    2 1 0 0 0 1
    3 1 0 0 0 1
    4 0 1 0 1 0
    5 0 0 1 0 0
    6 0 0 0 1 0
    7 0 1 1 0 0
    8 1 0 0 0 1
    9 0 1 0 0 0
   10 1 0 1 0 0
   11 0 1 1 0 0
   12 1 1 0 1 1
   13 0 0 0 1 1
   14 0 0 1 0 0
   15 0 0 1 1 0
   16 1 0 0 0 1
   17 0 1 0 1 1
   18 0 1 0 0 1
   19 1 1 0 0 1
   20 1 0 1 1 1
   21 0 1 0 1 0
   22 0 0 1 1 0
   23 0 0 0 1 0
   24 1 1 0 0 1
   25 0 0 0 1 0
   26 1 0 0 0 0
   27 1 0 0 0 1
   28 1 1 0 0 1
   29 0 1 0 0 0
   30 0 0 1 1 0
   31 0 0 1 1 0
   32 0 0 0 1 0
   33 1 0 1 1 0
   34 1 0 1 0 1
   35 1 0 0 1 0
   36 1 0 1 0 1
   37 1 0 0 1 1
   38 0 0 0 1 0
   39 0 1 0 1 0
   40 0 1 0 0 1
   41 0 0 1 0 1
   42 0 0 1 0 0
   43 0 1 1 1 0
   44 1 0 0 0 1
   45 0 1 0 0 1
   46 0 0 0 1 0
   47 1 0 1 0 1
   48 0 0 1 0 1
   49 1 1 0 0 1
   50 1 1 1 0 1
   51 1 1 0 1 0
   52 0 0 1 0 1
Test data (trial/4 log cues/resp choice 1or2/rtime)
   53 0 1 0 1 1 5.675
   54 1 1 0 0 2 1.373
   55 1 1 1 0 2 2.476
   56 0 0 1 0 2 1.403
   57 1 0 1 1 1 1.753
   58 1 1 0 1 2 2.415
   59 0 0 1 1 2 0.813
   60 0 1 1 0 1 0.634
   61 0 1 1 1 1 0.813
   62 0 0 0 1 2 0.507
   63 1 0 1 0 1 0.756
   64 0 1 0 0 2 0.390
   65 1 0 0 1 2 0.292
   66 1 0 0 0 2 1.431
