s28           (Subject Code)
 4            (Counterbal Condition)
 20            10           (Map: Phys to Log cues for each task)
disease       (Task Format)
FnoA          (Task Condition)
Training data (trial/4 log cues/outcome/[resp corr?/rtime])
    1 1 0 0 0 0 1 2.231
    2 0 0 1 0 1 1 9.126
    3 1 1 0 0 1 1 0.451
    4 0 1 1 1 0 0 0.325
    5 0 1 1 1 1 0 0.366
    6 0 1 1 1 0 0 0.269
    7 0 1 0 1 0 0 0.283
    8 0 0 1 1 0 0 0.266
    9 1 1 0 1 1 0 3.391
   10 0 1 0 1 1 1 0.677
   11 0 0 0 1 0 0 0.475
   12 1 1 0 1 0 1 0.320
   13 0 0 1 0 0 1 0.651
   14 1 1 1 0 0 1 2.163
   15 1 1 0 0 1 0 0.997
   16 0 1 0 0 1 1 0.285
   17 0 0 1 1 0 0 0.383
   18 1 0 0 1 1 0 0.500
   19 0 0 0 1 0 0 0.283
   20 1 0 1 1 1 1 0.593
   21 0 1 0 1 1 1 0.689
   22 1 1 1 0 1 1 0.531
   23 1 1 0 1 1 1 2.941
   24 0 1 1 0 0 0 0.648
   25 1 0 1 1 0 1 0.459
   26 0 1 1 0 0 1 2.332
   27 1 0 0 0 1 0 1.521
   28 0 0 1 0 0 0 0.370
   29 0 0 1 1 0 1 0.441
   30 1 1 1 0 1 0 0.299
   31 1 0 0 1 0 0 0.358
   32 1 0 0 0 1 1 0.262
   33 0 1 0 0 0 0 0.445
   34 0 0 0 1 1 1 0.420
   35 1 0 1 0 0 0 1.575
   36 1 0 1 0 1 0 1.251
   37 1 0 0 1 0 1 5.474
   38 1 0 1 0 1 0 3.342
   39 1 1 0 0 1 1 0.642
   40 1 1 1 0 1 1 0.238
   41 0 1 0 0 1 1 0.241
   42 1 1 0 1 1 1 0.393
   43 0 0 1 1 0 0 0.353
   44 0 1 0 1 0 1 0.355
   45 1 1 0 0 1 0 0.328
   46 0 0 0 1 0 0 0.129
   47 0 1 1 0 1 1 0.000
   48 0 1 1 0 1 1 2.767
   49 0 1 0 0 1 1 0.345
   50 1 0 0 1 1 1 0.399
   51 1 0 0 0 1 1 0.276
   52 1 0 1 1 0 1 0.514
   53 0 1 1 1 0 1 0.277
   54 1 0 1 1 0 1 1.369
   55 1 0 1 0 0 1 0.341
   56 0 0 1 0 0 1 0.287
Test data (trial/4 log cues/resp choice 1or2/rtime)
   57 1 1 0 1 1 0.861
   58 0 1 1 0 2 0.481
   59 0 0 1 0 2 0.421
   60 1 0 0 0 2 0.397
   61 1 0 1 1 1 0.283
   62 0 1 1 1 2 0.282
   63 1 1 0 0 2 0.355
   64 0 1 0 0 2 0.471
   65 0 1 0 1 1 0.275
   66 1 1 1 0 2 0.372
   67 0 0 1 1 2 0.292
   68 1 0 1 0 2 1.372
   69 1 0 0 1 2 0.414
   70 0 0 0 1 2 0.334
weather       (Task Format)
AnoF          (Task Condition)
Training data (trial/4 log cues/outcome/[resp corr?/rtime])
    1 0 1 0 0 0
    2 1 0 0 0 1
    3 1 0 0 0 1
    4 0 1 0 1 0
    5 0 0 1 0 0
    6 0 0 0 1 0
    7 0 1 1 0 0
    8 1 0 0 0 1
    9 0 1 0 0 0
   10 1 0 1 0 0
   11 0 1 1 0 0
   12 1 1 0 1 1
   13 0 0 0 1 1
   14 0 0 1 0 0
   15 0 0 1 1 0
   16 1 0 0 0 1
   17 0 1 0 1 1
   18 0 1 0 0 1
   19 1 1 0 0 1
   20 1 0 1 1 1
   21 0 1 0 1 0
   22 0 0 1 1 0
   23 0 0 0 1 0
   24 1 1 0 0 1
   25 0 0 0 1 0
   26 1 0 0 0 0
   27 1 0 0 0 1
   28 1 1 0 0 1
   29 0 1 0 0 0
   30 0 0 1 1 0
   31 0 0 1 1 0
   32 0 0 0 1 0
   33 1 0 1 1 0
   34 1 0 1 0 1
   35 1 0 0 1 0
   36 1 0 1 0 1
   37 1 0 0 1 1
   38 0 0 0 1 0
   39 0 1 0 1 0
   40 0 1 0 0 1
   41 0 0 1 0 1
   42 0 0 1 0 0
   43 0 1 1 1 0
   44 1 0 0 0 1
   45 0 1 0 0 1
   46 0 0 0 1 0
   47 1 0 1 0 1
   48 0 0 1 0 1
   49 1 1 0 0 1
   50 1 1 1 0 1
   51 1 1 0 1 0
   52 0 0 1 0 1
Test data (trial/4 log cues/resp choice 1or2/rtime)
   53 0 1 0 1 1 1.076
   54 1 1 0 0 2 0.375
   55 1 1 1 0 2 0.214
   56 0 0 1 0 2 0.324
   57 1 0 1 1 1 0.552
   58 1 1 0 1 2 0.292
   59 0 0 1 1 2 0.593
   60 0 1 1 0 2 0.431
   61 0 1 1 1 2 0.204
   62 0 0 0 1 1 0.298
   63 1 0 1 0 2 0.029
   64 0 1 0 0 2 0.485
   65 1 0 0 1 2 0.342
   66 1 0 0 0 2 0.309
