s30           (Subject Code)
 2            (Counterbal Condition)
 17            2            (Map: Phys to Log cues for each task)
weather       (Task Format)
FnoA          (Task Condition)
Training data (trial/4 log cues/outcome/[resp corr?/rtime])
    1 1 0 0 0 0 0 1.622
    2 0 0 1 0 1 1 0.331
    3 1 1 0 0 1 0 1.893
    4 0 1 1 1 0 0 2.838
    5 0 1 1 1 1 1 0.501
    6 0 1 1 1 0 0 0.484
    7 0 1 0 1 0 1 1.087
    8 0 0 1 1 0 1 0.786
    9 1 1 0 1 1 0 0.632
   10 0 1 0 1 1 1 0.702
   11 0 0 0 1 0 1 0.608
   12 1 1 0 1 0 0 2.529
   13 0 0 1 0 0 1 0.868
   14 1 1 1 0 0 0 1.097
   15 1 1 0 0 1 0 0.643
   16 0 1 0 0 1 1 0.598
   17 0 0 1 1 0 1 1.234
   18 1 0 0 1 1 0 1.013
   19 0 0 0 1 0 1 1.348
   20 1 0 1 1 1 1 0.714
   21 0 1 0 1 1 1 0.275
   22 1 1 1 0 1 1 0.179
   23 1 1 0 1 1 1 0.620
   24 0 1 1 0 0 1 0.671
   25 1 0 1 1 0 1 0.771
   26 0 1 1 0 0 1 0.877
   27 1 0 0 0 1 1 1.035
   28 0 0 1 0 0 0 0.876
   29 0 0 1 1 0 1 0.627
   30 1 1 1 0 1 0 0.449
   31 1 0 0 1 0 0 0.183
   32 1 0 0 0 1 0 0.364
   33 0 1 0 0 0 0 0.000
   34 0 0 0 1 1 0 0.569
   35 1 0 1 0 0 1 0.872
   36 1 0 1 0 1 0 0.483
   37 1 0 0 1 0 1 0.423
   38 1 0 1 0 1 0 0.729
   39 1 1 0 0 1 0 0.412
   40 1 1 1 0 1 0 0.000
   41 0 1 0 0 1 1 0.751
   42 1 1 0 1 1 1 0.648
   43 0 0 1 1 0 1 0.651
   44 0 1 0 1 0 0 0.785
   45 1 1 0 0 1 0 0.410
   46 0 0 0 1 0 1 0.549
   47 0 1 1 0 1 1 0.568
   48 0 1 1 0 1 1 0.449
   49 0 1 0 0 1 1 0.326
   50 1 0 0 1 1 0 0.428
   51 1 0 0 0 1 0 0.447
   52 1 0 1 1 0 0 0.673
   53 0 1 1 1 0 1 1.260
   54 1 0 1 1 0 1 0.283
   55 1 0 1 0 0 1 0.410
   56 0 0 1 0 0 1 0.368
Test data (trial/4 log cues/resp choice 1or2/rtime)
   57 1 1 0 1 2 1.089
   58 0 1 1 0 2 1.430
   59 0 0 1 0 2 1.080
   60 1 0 0 0 2 0.799
   61 1 0 1 1 1 0.723
   62 0 1 1 1 1 0.532
   63 1 1 0 0 2 1.539
   64 0 1 0 0 2 0.856
   65 0 1 0 1 2 1.789
   66 1 1 1 0 1 0.669
   67 0 0 1 1 1 0.776
   68 1 0 1 0 2 0.910
   69 1 0 0 1 2 0.495
   70 0 0 0 1 2 0.698
disease       (Task Format)
AnoF          (Task Condition)
Training data (trial/4 log cues/outcome/[resp corr?/rtime])
    1 0 1 0 0 0
    2 1 0 0 0 1
    3 1 0 0 0 1
    4 0 1 0 1 0
    5 0 0 1 0 0
    6 0 0 0 1 0
    7 0 1 1 0 0
    8 1 0 0 0 1
    9 0 1 0 0 0
   10 1 0 1 0 0
   11 0 1 1 0 0
   12 1 1 0 1 1
   13 0 0 0 1 1
   14 0 0 1 0 0
   15 0 0 1 1 0
   16 1 0 0 0 1
   17 0 1 0 1 1
   18 0 1 0 0 1
   19 1 1 0 0 1
   20 1 0 1 1 1
   21 0 1 0 1 0
   22 0 0 1 1 0
   23 0 0 0 1 0
   24 1 1 0 0 1
   25 0 0 0 1 0
   26 1 0 0 0 0
   27 1 0 0 0 1
   28 1 1 0 0 1
   29 0 1 0 0 0
   30 0 0 1 1 0
   31 0 0 1 1 0
   32 0 0 0 1 0
   33 1 0 1 1 0
   34 1 0 1 0 1
   35 1 0 0 1 0
   36 1 0 1 0 1
   37 1 0 0 1 1
   38 0 0 0 1 0
   39 0 1 0 1 0
   40 0 1 0 0 1
   41 0 0 1 0 1
   42 0 0 1 0 0
   43 0 1 1 1 0
   44 1 0 0 0 1
   45 0 1 0 0 1
   46 0 0 0 1 0
   47 1 0 1 0 1
   48 0 0 1 0 1
   49 1 1 0 0 1
   50 1 1 1 0 1
   51 1 1 0 1 0
   52 0 0 1 0 1
Test data (trial/4 log cues/resp choice 1or2/rtime)
   53 0 1 0 1 1 0.710
   54 1 1 0 0 2 2.203
   55 1 1 1 0 1 1.344
   56 0 0 1 0 1 1.002
   57 1 0 1 1 2 1.235
   58 1 1 0 1 2 1.139
   59 0 0 1 1 2 1.314
   60 0 1 1 0 1 0.951
   61 0 1 1 1 1 1.997
   62 0 0 0 1 2 1.347
   63 1 0 1 0 1 0.572
   64 0 1 0 0 1 0.626
   65 1 0 0 1 2 1.018
   66 1 0 0 0 1 0.491
