s32           (Subject Code)
 4            (Counterbal Condition)
 13            11           (Map: Phys to Log cues for each task)
disease       (Task Format)
FnoA          (Task Condition)
Training data (trial/4 log cues/outcome/[resp corr?/rtime])
    1 1 0 0 0 0 1 %11.557
    2 0 0 1 0 1 1 8.543
    3 1 1 0 0 1 1 8.478
    4 0 1 1 1 0 0 7.783
    5 0 1 1 1 1 0 3.243
    6 0 1 1 1 0 1 4.998
    7 0 1 0 1 0 1 3.669
    8 0 0 1 1 0 0 4.471
    9 1 1 0 1 1 1 0.935
   10 0 1 0 1 1 1 1.000
   11 0 0 0 1 0 0 0.554
   12 1 1 0 1 0 0 3.635
   13 0 0 1 0 0 0 0.521
   14 1 1 1 0 0 1 1.320
   15 1 1 0 0 1 0 0.548
   16 0 1 0 0 1 0 2.166
   17 0 0 1 1 0 0 5.782
   18 1 0 0 1 1 1 2.054
   19 0 0 0 1 0 0 1.112
   20 1 0 1 1 1 1 3.892
   21 0 1 0 1 1 0 1.675
   22 1 1 1 0 1 0 3.990
   23 1 1 0 1 1 1 1.740
   24 0 1 1 0 0 1 1.236
   25 1 0 1 1 0 0 2.492
   26 0 1 1 0 0 0 0.000
   27 1 0 0 0 1 0 1.537
   28 0 0 1 0 0 0 1.454
   29 0 0 1 1 0 1 1.639
   30 1 1 1 0 1 1 7.314
   31 1 0 0 1 0 1 2.147
   32 1 0 0 0 1 1 1.363
   33 0 1 0 0 0 1 0.533
   34 0 0 0 1 1 1 0.358
   35 1 0 1 0 0 1 0.289
   36 1 0 1 0 1 1 0.260
   37 1 0 0 1 0 1 0.372
   38 1 0 1 0 1 1 0.403
   39 1 1 0 0 1 0 0.448
   40 1 1 1 0 1 0 0.595
   41 0 1 0 0 1 1 0.297
   42 1 1 0 1 1 0 0.493
   43 0 0 1 1 0 0 0.401
   44 0 1 0 1 0 0 0.760
   45 1 1 0 0 1 0 0.547
   46 0 0 0 1 0 0 1.339
   47 0 1 1 0 1 0 0.551
   48 0 1 1 0 1 0 0.561
   49 0 1 0 0 1 1 0.658
   50 1 0 0 1 1 0 0.684
   51 1 0 0 0 1 1 0.387
   52 1 0 1 1 0 0 0.944
   53 0 1 1 1 0 1 0.909
   54 1 0 1 1 0 1 0.432
   55 1 0 1 0 0 1 0.508
   56 0 0 1 0 0 1 0.289
Test data (trial/4 log cues/resp choice 1or2/rtime)
   57 1 1 0 1 1 2.429
   58 0 1 1 0 2 3.854
   59 0 0 1 0 2 1.225
   60 1 0 0 0 2 2.523
   61 1 0 1 1 2 3.537
   62 0 1 1 1 1 0.993
   63 1 1 0 0 1 3.465
   64 0 1 0 0 1 0.663
   65 0 1 0 1 1 0.775
   66 1 1 1 0 1 2.225
   67 0 0 1 1 1 3.376
   68 1 0 1 0 2 2.943
   69 1 0 0 1 1 3.338
   70 0 0 0 1 1 1.115
weather       (Task Format)
AnoF          (Task Condition)
Training data (trial/4 log cues/outcome/[resp corr?/rtime])
    1 0 1 0 0 0
    2 1 0 0 0 1
    3 1 0 0 0 1
    4 0 1 0 1 0
    5 0 0 1 0 0
    6 0 0 0 1 0
    7 0 1 1 0 0
    8 1 0 0 0 1
    9 0 1 0 0 0
   10 1 0 1 0 0
   11 0 1 1 0 0
   12 1 1 0 1 1
   13 0 0 0 1 1
   14 0 0 1 0 0
   15 0 0 1 1 0
   16 1 0 0 0 1
   17 0 1 0 1 1
   18 0 1 0 0 1
   19 1 1 0 0 1
   20 1 0 1 1 1
   21 0 1 0 1 0
   22 0 0 1 1 0
   23 0 0 0 1 0
   24 1 1 0 0 1
   25 0 0 0 1 0
   26 1 0 0 0 0
   27 1 0 0 0 1
   28 1 1 0 0 1
   29 0 1 0 0 0
   30 0 0 1 1 0
   31 0 0 1 1 0
   32 0 0 0 1 0
   33 1 0 1 1 0
   34 1 0 1 0 1
   35 1 0 0 1 0
   36 1 0 1 0 1
   37 1 0 0 1 1
   38 0 0 0 1 0
   39 0 1 0 1 0
   40 0 1 0 0 1
   41 0 0 1 0 1
   42 0 0 1 0 0
   43 0 1 1 1 0
   44 1 0 0 0 1
   45 0 1 0 0 1
   46 0 0 0 1 0
   47 1 0 1 0 1
   48 0 0 1 0 1
   49 1 1 0 0 1
   50 1 1 1 0 1
   51 1 1 0 1 0
   52 0 0 1 0 1
Test data (trial/4 log cues/resp choice 1or2/rtime)
   53 0 1 0 1 2 1.754
   54 1 1 0 0 1 0.971
   55 1 1 1 0 1 1.758
   56 0 0 1 0 1 0.840
   57 1 0 1 1 2 0.683
   58 1 1 0 1 2 0.768
   59 0 0 1 1 2 0.559
   60 0 1 1 0 1 0.744
   61 0 1 1 1 2 1.035
   62 0 0 0 1 2 0.839
   63 1 0 1 0 1 1.041
   64 0 1 0 0 1 1.089
   65 1 0 0 1 2 0.726
   66 1 0 0 0 1 1.396
