s34           (Subject Code)
 2            (Counterbal Condition)
 8             17           (Map: Phys to Log cues for each task)
weather       (Task Format)
FnoA          (Task Condition)
Training data (trial/4 log cues/outcome/[resp corr?/rtime])
    1 1 0 0 0 0 0 3.370
    2 0 0 1 0 1 0 0.351
    3 1 1 0 0 1 0 0.261
    4 0 1 1 1 0 1 0.801
    5 0 1 1 1 1 0 0.439
    6 0 1 1 1 0 1 0.604
    7 0 1 0 1 0 1 0.743
    8 0 0 1 1 0 1 0.319
    9 1 1 0 1 1 1 0.218
   10 0 1 0 1 1 0 0.340
   11 0 0 0 1 0 0 0.367
   12 1 1 0 1 0 1 0.774
   13 0 0 1 0 0 0 0.219
   14 1 1 1 0 0 1 0.268
   15 1 1 0 0 1 0 0.251
   16 0 1 0 0 1 1 0.299
   17 0 0 1 1 0 0 0.290
   18 1 0 0 1 1 0 0.265
   19 0 0 0 1 0 0 0.247
   20 1 0 1 1 1 0 0.174
   21 0 1 0 1 1 1 0.960
   22 1 1 1 0 1 1 0.069
   23 1 1 0 1 1 1 0.729
   24 0 1 1 0 0 1 1.238
   25 1 0 1 1 0 1 0.442
   26 0 1 1 0 0 1 0.458
   27 1 0 0 0 1 1 0.549
   28 0 0 1 0 0 1 0.372
   29 0 0 1 1 0 1 0.322
   30 1 1 1 0 1 0 0.575
   31 1 0 0 1 0 0 0.798
   32 1 0 0 0 1 0 0.733
   33 0 1 0 0 0 0 0.747
   34 0 0 0 1 1 0 0.592
   35 1 0 1 0 0 0 0.176
   36 1 0 1 0 1 0 0.218
   37 1 0 0 1 0 1 0.383
   38 1 0 1 0 1 0 0.704
   39 1 1 0 0 1 0 0.337
   40 1 1 1 0 1 0 0.345
   41 0 1 0 0 1 0 0.438
   42 1 1 0 1 1 1 0.839
   43 0 0 1 1 0 1 0.328
   44 0 1 0 1 0 0 0.514
   45 1 1 0 0 1 0 0.773
   46 0 0 0 1 0 0 0.641
   47 0 1 1 0 1 0 0.403
   48 0 1 1 0 1 0 0.284
   49 0 1 0 0 1 1 0.568
   50 1 0 0 1 1 0 0.329
   51 1 0 0 0 1 1 0.175
   52 1 0 1 1 0 0 0.125
   53 0 1 1 1 0 1 0.247
   54 1 0 1 1 0 1 0.271
   55 1 0 1 0 0 1 0.303
   56 0 0 1 0 0 1 0.326
Test data (trial/4 log cues/resp choice 1or2/rtime)
   57 1 1 0 1 2 1.119
   58 0 1 1 0 2 0.550
   59 0 0 1 0 2 0.359
   60 1 0 0 0 1 0.779
   61 1 0 1 1 2 0.564
   62 0 1 1 1 2 0.730
   63 1 1 0 0 2 2.000
   64 0 1 0 0 1 0.419
   65 0 1 0 1 1 0.697
   66 1 1 1 0 2 0.580
   67 0 0 1 1 2 0.530
   68 1 0 1 0 2 0.431
   69 1 0 0 1 1 0.693
   70 0 0 0 1 1 1.057
disease       (Task Format)
AnoF          (Task Condition)
Training data (trial/4 log cues/outcome/[resp corr?/rtime])
    1 0 1 0 0 0
    2 1 0 0 0 1
    3 1 0 0 0 1
    4 0 1 0 1 0
    5 0 0 1 0 0
    6 0 0 0 1 0
    7 0 1 1 0 0
    8 1 0 0 0 1
    9 0 1 0 0 0
   10 1 0 1 0 0
   11 0 1 1 0 0
   12 1 1 0 1 1
   13 0 0 0 1 1
   14 0 0 1 0 0
   15 0 0 1 1 0
   16 1 0 0 0 1
   17 0 1 0 1 1
   18 0 1 0 0 1
   19 1 1 0 0 1
   20 1 0 1 1 1
   21 0 1 0 1 0
   22 0 0 1 1 0
   23 0 0 0 1 0
   24 1 1 0 0 1
   25 0 0 0 1 0
   26 1 0 0 0 0
   27 1 0 0 0 1
   28 1 1 0 0 1
   29 0 1 0 0 0
   30 0 0 1 1 0
   31 0 0 1 1 0
   32 0 0 0 1 0
   33 1 0 1 1 0
   34 1 0 1 0 1
   35 1 0 0 1 0
   36 1 0 1 0 1
   37 1 0 0 1 1
   38 0 0 0 1 0
   39 0 1 0 1 0
   40 0 1 0 0 1
   41 0 0 1 0 1
   42 0 0 1 0 0
   43 0 1 1 1 0
   44 1 0 0 0 1
   45 0 1 0 0 1
   46 0 0 0 1 0
   47 1 0 1 0 1
   48 0 0 1 0 1
   49 1 1 0 0 1
   50 1 1 1 0 1
   51 1 1 0 1 0
   52 0 0 1 0 1
Test data (trial/4 log cues/resp choice 1or2/rtime)
   53 0 1 0 1 1 1.483
   54 1 1 0 0 2 1.168
   55 1 1 1 0 2 0.287
   56 0 0 1 0 2 0.006
   57 1 0 1 1 1 1.741
   58 1 1 0 1 2 0.640
   59 0 0 1 1 1 0.852
   60 0 1 1 0 1 0.742
   61 0 1 1 1 2 1.198
   62 0 0 0 1 1 1.148
   63 1 0 1 0 1 0.651
   64 0 1 0 0 2 0.579
   65 1 0 0 1 2 0.758
   66 1 0 0 0 2 0.420
