s36           (Subject Code)
 4            (Counterbal Condition)
 8             8            (Map: Phys to Log cues for each task)
disease       (Task Format)
FnoA          (Task Condition)
Training data (trial/4 log cues/outcome/[resp corr?/rtime])
    1 1 0 0 0 0 1 3.374
    2 0 0 1 0 1 0 1.313
    3 1 1 0 0 1 1 0.849
    4 0 1 1 1 0 1 1.621
    5 0 1 1 1 1 0 2.215
    6 0 1 1 1 0 1 0.738
    7 0 1 0 1 0 0 0.711
    8 0 0 1 1 0 1 0.808
    9 1 1 0 1 1 1 0.838
   10 0 1 0 1 1 0 2.034
   11 0 0 0 1 0 1 0.905
   12 1 1 0 1 0 0 0.849
   13 0 0 1 0 0 1 0.703
   14 1 1 1 0 0 1 0.967
   15 1 1 0 0 1 1 0.607
   16 0 1 0 0 1 0 1.812
   17 0 0 1 1 0 0 2.458
   18 1 0 0 1 1 0 4.024
   19 0 0 0 1 0 1 2.450
   20 1 0 1 1 1 1 3.283
   21 0 1 0 1 1 0 0.515
   22 1 1 1 0 1 1 3.181
   23 1 1 0 1 1 1 3.522
   24 0 1 1 0 0 0 0.655
   25 1 0 1 1 0 0 1.661
   26 0 1 1 0 0 1 2.436
   27 1 0 0 0 1 0 0.000
   28 0 0 1 0 0 1 0.001
   29 0 0 1 1 0 1 0.001
   30 1 1 1 0 1 1 3.510
   31 1 0 0 1 0 0 0.714
   32 1 0 0 0 1 1 0.916
   33 0 1 0 0 0 1 3.564
   34 0 0 0 1 1 0 5.319
   35 1 0 1 0 0 0 0.735
   36 1 0 1 0 1 1 0.751
   37 1 0 0 1 0 0 0.739
   38 1 0 1 0 1 1 0.557
   39 1 1 0 0 1 1 0.794
   40 1 1 1 0 1 1 1.179
   41 0 1 0 0 1 1 0.389
   42 1 1 0 1 1 1 0.589
   43 0 0 1 1 0 0 0.456
   44 0 1 0 1 0 0 0.817
   45 1 1 0 0 1 1 0.001
   46 0 0 0 1 0 1 0.997
   47 0 1 1 0 1 0 0.682
   48 0 1 1 0 1 0 0.484
   49 0 1 0 0 1 0 0.678
   50 1 0 0 1 1 1 0.833
   51 1 0 0 0 1 1 0.514
   52 1 0 1 1 0 1 1.569
   53 0 1 1 1 0 0 0.862
   54 1 0 1 1 0 1 0.500
   55 1 0 1 0 0 1 0.549
   56 0 0 1 0 0 1 0.675
Test data (trial/4 log cues/resp choice 1or2/rtime)
   57 1 1 0 1 2 1.185
   58 0 1 1 0 2 2.228
   59 0 0 1 0 2 1.005
   60 1 0 0 0 2 2.024
   61 1 0 1 1 1 0.604
   62 0 1 1 1 1 1.113
   63 1 1 0 0 1 0.502
   64 0 1 0 0 1 1.975
   65 0 1 0 1 2 0.852
   66 1 1 1 0 1 0.501
   67 0 0 1 1 2 3.695
   68 1 0 1 0 1 3.134
   69 1 0 0 1 2 3.602
   70 0 0 0 1 2 2.769
weather       (Task Format)
AnoF          (Task Condition)
Training data (trial/4 log cues/outcome/[resp corr?/rtime])
    1 0 1 0 0 0
    2 1 0 0 0 1
    3 1 0 0 0 1
    4 0 1 0 1 0
    5 0 0 1 0 0
    6 0 0 0 1 0
    7 0 1 1 0 0
    8 1 0 0 0 1
    9 0 1 0 0 0
   10 1 0 1 0 0
   11 0 1 1 0 0
   12 1 1 0 1 1
   13 0 0 0 1 1
   14 0 0 1 0 0
   15 0 0 1 1 0
   16 1 0 0 0 1
   17 0 1 0 1 1
   18 0 1 0 0 1
   19 1 1 0 0 1
   20 1 0 1 1 1
   21 0 1 0 1 0
   22 0 0 1 1 0
   23 0 0 0 1 0
   24 1 1 0 0 1
   25 0 0 0 1 0
   26 1 0 0 0 0
   27 1 0 0 0 1
   28 1 1 0 0 1
   29 0 1 0 0 0
   30 0 0 1 1 0
   31 0 0 1 1 0
   32 0 0 0 1 0
   33 1 0 1 1 0
   34 1 0 1 0 1
   35 1 0 0 1 0
   36 1 0 1 0 1
   37 1 0 0 1 1
   38 0 0 0 1 0
   39 0 1 0 1 0
   40 0 1 0 0 1
   41 0 0 1 0 1
   42 0 0 1 0 0
   43 0 1 1 1 0
   44 1 0 0 0 1
   45 0 1 0 0 1
   46 0 0 0 1 0
   47 1 0 1 0 1
   48 0 0 1 0 1
   49 1 1 0 0 1
   50 1 1 1 0 1
   51 1 1 0 1 0
   52 0 0 1 0 1
Test data (trial/4 log cues/resp choice 1or2/rtime)
   53 0 1 0 1 1 1.532
   54 1 1 0 0 2 1.467
   55 1 1 1 0 2 0.677
   56 0 0 1 0 2 0.427
   57 1 0 1 1 2 4.030
   58 1 1 0 1 1 0.867
   59 0 0 1 1 1 1.453
   60 0 1 1 0 2 0.730
   61 0 1 1 1 2 3.281
   62 0 0 0 1 1 2.274
   63 1 0 1 0 2 1.943
   64 0 1 0 0 1 0.814
   65 1 0 0 1 1 1.040
   66 1 0 0 0 1 1.706
