s38           (Subject Code)
 2            (Counterbal Condition)
 9             10           (Map: Phys to Log cues for each task)
weather       (Task Format)
FnoA          (Task Condition)
Training data (trial/4 log cues/outcome/[resp corr?/rtime])
    1 1 0 0 0 0 1 9.670
    2 0 0 1 0 1 1 9.131
    3 1 1 0 0 1 0 10.620
    4 0 1 1 1 0 1 2.233
    5 0 1 1 1 1 1 3.496
    6 0 1 1 1 0 0 3.126
    7 0 1 0 1 0 0 1.240
    8 0 0 1 1 0 0 11.841
    9 1 1 0 1 1 0 10.406
   10 0 1 0 1 1 0 1.711
   11 0 0 0 1 0 1 4.274
   12 1 1 0 1 0 0 12.851
   13 0 0 1 0 0 0 2.194
   14 1 1 1 0 0 1 0.737
   15 1 1 0 0 1 0 13.416
   16 0 1 0 0 1 1 1.385
   17 0 0 1 1 0 0 14.246
   18 1 0 0 1 1 1 2.155
   19 0 0 0 1 0 1 12.413
   20 1 0 1 1 1 1 6.576
   21 0 1 0 1 1 0 5.270
   22 1 1 1 0 1 0 1.758
   23 1 1 0 1 1 1 0.989
   24 0 1 1 0 0 0 1.513
   25 1 0 1 1 0 1 1.323
   26 0 1 1 0 0 1 7.358
   27 1 0 0 0 1 1 2.467
   28 0 0 1 0 0 0 0.830
   29 0 0 1 1 0 0 0.316
   30 1 1 1 0 1 0 0.147
   31 1 0 0 1 0 0 0.470
   32 1 0 0 0 1 0 0.871
   33 0 1 0 0 0 0 7.690
   34 0 0 0 1 1 1 1.274
   35 1 0 1 0 0 1 6.673
   36 1 0 1 0 1 0 17.951
   37 1 0 0 1 0 0 0.666
   38 1 0 1 0 1 1 0.769
   39 1 1 0 0 1 0 6.874
   40 1 1 1 0 1 0 0.966
   41 0 1 0 0 1 1 0.360
   42 1 1 0 1 1 0 2.799
   43 0 0 1 1 0 0 0.282
   44 0 1 0 1 0 0 0.550
   45 1 1 0 0 1 0 0.658
   46 0 0 0 1 0 0 4.456
   47 0 1 1 0 1 0 0.586
   48 0 1 1 0 1 0 8.332
   49 0 1 0 0 1 1 0.595
   50 1 0 0 1 1 0 0.497
   51 1 0 0 0 1 0 0.988
   52 1 0 1 1 0 0 0.972
   53 0 1 1 1 0 1 1.056
   54 1 0 1 1 0 0 5.108
   55 1 0 1 0 0 1 3.374
   56 0 0 1 0 0 0 1.382
Test data (trial/4 log cues/resp choice 1or2/rtime)
   57 1 1 0 1 1 8.813
   58 0 1 1 0 2 5.692
   59 0 0 1 0 2 0.921
   60 1 0 0 0 1 9.086
   61 1 0 1 1 2 1.350
   62 0 1 1 1 1 8.473
   63 1 1 0 0 1 0.070
   64 0 1 0 0 2 1.853
   65 0 1 0 1 1 5.428
   66 1 1 1 0 1 1.707
   67 0 0 1 1 2 1.020
   68 1 0 1 0 2 3.392
   69 1 0 0 1 1 4.827
   70 0 0 0 1 2 1.107
disease       (Task Format)
AnoF          (Task Condition)
Training data (trial/4 log cues/outcome/[resp corr?/rtime])
    1 0 1 0 0 0
    2 1 0 0 0 1
    3 1 0 0 0 1
    4 0 1 0 1 0
    5 0 0 1 0 0
    6 0 0 0 1 0
    7 0 1 1 0 0
    8 1 0 0 0 1
    9 0 1 0 0 0
   10 1 0 1 0 0
   11 0 1 1 0 0
   12 1 1 0 1 1
   13 0 0 0 1 1
   14 0 0 1 0 0
   15 0 0 1 1 0
   16 1 0 0 0 1
   17 0 1 0 1 1
   18 0 1 0 0 1
   19 1 1 0 0 1
   20 1 0 1 1 1
   21 0 1 0 1 0
   22 0 0 1 1 0
   23 0 0 0 1 0
   24 1 1 0 0 1
   25 0 0 0 1 0
   26 1 0 0 0 0
   27 1 0 0 0 1
   28 1 1 0 0 1
   29 0 1 0 0 0
   30 0 0 1 1 0
   31 0 0 1 1 0
   32 0 0 0 1 0
   33 1 0 1 1 0
   34 1 0 1 0 1
   35 1 0 0 1 0
   36 1 0 1 0 1
   37 1 0 0 1 1
   38 0 0 0 1 0
   39 0 1 0 1 0
   40 0 1 0 0 1
   41 0 0 1 0 1
   42 0 0 1 0 0
   43 0 1 1 1 0
   44 1 0 0 0 1
   45 0 1 0 0 1
   46 0 0 0 1 0
   47 1 0 1 0 1
   48 0 0 1 0 1
   49 1 1 0 0 1
   50 1 1 1 0 1
   51 1 1 0 1 0
   52 0 0 1 0 1
Test data (trial/4 log cues/resp choice 1or2/rtime)
   53 0 1 0 1 2 8.724
   54 1 1 0 0 1 3.238
   55 1 1 1 0 2 1.663
   56 0 0 1 0 2 2.339
   57 1 0 1 1 1 4.556
   58 1 1 0 1 2 2.544
   59 0 0 1 1 1 12.395
   60 0 1 1 0 2 0.924
   61 0 1 1 1 1 1.557
   62 0 0 0 1 2 6.366
   63 1 0 1 0 1 10.904
   64 0 1 0 0 2 3.160
   65 1 0 0 1 1 3.217
   66 1 0 0 0 2 0.974
