s4            (Subject Code)
 4            (Counterbal Condition)
 14            15           (Map: Phys to Log cues for each task)
disease       (Task Format)
FnoA          (Task Condition)
Training data (trial/4 log cues/outcome/[resp corr?/rtime])
    1 1 0 0 0 0 1 9.023
    2 0 0 1 0 1 1 10.755
    3 1 1 0 0 1 0 10.346
    4 0 1 1 1 0 0 10.827
    5 0 1 1 1 1 0 3.424
    6 0 1 1 1 0 1 3.480
    7 0 1 0 1 0 1 3.134
    8 0 0 1 1 0 1 5.423
    9 1 1 0 1 1 1 2.264
   10 0 1 0 1 1 1 1.630
   11 0 0 0 1 0 0 1.512
   12 1 1 0 1 0 0 2.400
   13 0 0 1 0 0 1 1.828
   14 1 1 1 0 0 1 2.900
   15 1 1 0 0 1 1 2.675
   16 0 1 0 0 1 0 3.148
   17 0 0 1 1 0 1 3.473
   18 1 0 0 1 1 1 4.766
   19 0 0 0 1 0 0 1.829
   20 1 0 1 1 1 1 3.584
   21 0 1 0 1 1 0 2.496
   22 1 1 1 0 1 0 3.093
   23 1 1 0 1 1 1 2.373
   24 0 1 1 0 0 1 3.508
   25 1 0 1 1 0 0 6.939
   26 0 1 1 0 0 0 3.340
   27 1 0 0 0 1 1 1.529
   28 0 0 1 0 0 1 1.871
   29 0 0 1 1 0 1 2.078
   30 1 1 1 0 1 1 2.838
   31 1 0 0 1 0 0 2.461
   32 1 0 0 0 1 1 1.929
   33 0 1 0 0 0 0 6.253
   34 0 0 0 1 1 1 3.005
   35 1 0 1 0 0 0 5.204
   36 1 0 1 0 1 0 2.605
   37 1 0 0 1 0 1 3.494
   38 1 0 1 0 1 1 2.022
   39 1 1 0 0 1 1 3.392
   40 1 1 1 0 1 0 8.089
   41 0 1 0 0 1 0 2.655
   42 1 1 0 1 1 1 4.198
   43 0 0 1 1 0 1 1.894
   44 0 1 0 1 0 0 1.753
   45 1 1 0 0 1 1 1.734
   46 0 0 0 1 0 1 2.805
   47 0 1 1 0 1 0 3.928
   48 0 1 1 0 1 0 3.620
   49 0 1 0 0 1 1 2.745
   50 1 0 0 1 1 1 1.610
   51 1 0 0 0 1 1 2.734
   52 1 0 1 1 0 1 3.726
   53 0 1 1 1 0 0 3.411
   54 1 0 1 1 0 1 3.224
   55 1 0 1 0 0 0 1.412
   56 0 0 1 0 0 1 2.257
Test data (trial/4 log cues/resp choice 1or2/rtime)
   57 1 1 0 1 1 5.871
   58 0 1 1 0 2 7.990
   59 0 0 1 0 2 4.368
   60 1 0 0 0 1 1.796
   61 1 0 1 1 2 4.690
   62 0 1 1 1 1 9.311
   63 1 1 0 0 1 1.414
   64 0 1 0 0 1 1.655
   65 0 1 0 1 1 2.682
   66 1 1 1 0 1 2.680
   67 0 0 1 1 2 2.395
   68 1 0 1 0 1 2.229
   69 1 0 0 1 2 1.756
   70 0 0 0 1 2 1.313
weather       (Task Format)
AnoF          (Task Condition)
Training data (trial/4 log cues/outcome/[resp corr?/rtime])
    1 0 1 0 0 0

    2 1 0 0 0 1

    3 1 0 0 0 1

    4 0 1 0 1 0

    5 0 0 1 0 0

    6 0 0 0 1 0

    7 0 1 1 0 0

    8 1 0 0 0 1

    9 0 1 0 0 0

   10 1 0 1 0 0

   11 0 1 1 0 0

   12 1 1 0 1 1

   13 0 0 0 1 1

   14 0 0 1 0 0

   15 0 0 1 1 0

   16 1 0 0 0 1

   17 0 1 0 1 1

   18 0 1 0 0 1

   19 1 1 0 0 1

   20 1 0 1 1 1

   21 0 1 0 1 0

   22 0 0 1 1 0

   23 0 0 0 1 0

   24 1 1 0 0 1

   25 0 0 0 1 0

   26 1 0 0 0 0

   27 1 0 0 0 1

   28 1 1 0 0 1

   29 0 1 0 0 0

   30 0 0 1 1 0

   31 0 0 1 1 0

   32 0 0 0 1 0

   33 1 0 1 1 0

   34 1 0 1 0 1

   35 1 0 0 1 0

   36 1 0 1 0 1

   37 1 0 0 1 1

   38 0 0 0 1 0

   39 0 1 0 1 0

   40 0 1 0 0 1

   41 0 0 1 0 1

   42 0 0 1 0 0

   43 0 1 1 1 0

   44 1 0 0 0 1

   45 0 1 0 0 1

   46 0 0 0 1 0

   47 1 0 1 0 1

   48 0 0 1 0 1

   49 1 1 0 0 1

   50 1 1 1 0 1

   51 1 1 0 1 0

   52 0 0 1 0 1

Test data (trial/4 log cues/resp choice 1or2/rtime)
   53 0 1 0 1 2 18.597
   54 1 1 0 0 2 3.493
   55 1 1 1 0 1 3.201
   56 0 0 1 0 1 1.959
   57 1 0 1 1 1 2.451
   58 1 1 0 1 2 5.819
   59 0 0 1 1 2 5.189
   60 0 1 1 0 1 3.178
   61 0 1 1 1 2 3.117
   62 0 0 0 1 2 6.097
   63 1 0 1 0 1 2.852
   64 0 1 0 0 2 6.642
   65 1 0 0 1 2 4.265
   66 1 0 0 0 2 4.916
