s40           (Subject Code)
 4            (Counterbal Condition)
 19            21           (Map: Phys to Log cues for each task)
disease       (Task Format)
FnoA          (Task Condition)
Training data (trial/4 log cues/outcome/[resp corr?/rtime])
    1 1 0 0 0 0 0 5.208
    2 0 0 1 0 1 0 1.842
    3 1 1 0 0 1 1 3.030
    4 0 1 1 1 0 0 2.969
    5 0 1 1 1 1 0 5.474
    6 0 1 1 1 0 1 1.785
    7 0 1 0 1 0 1 0.842
    8 0 0 1 1 0 0 3.361
    9 1 1 0 1 1 0 2.288
   10 0 1 0 1 1 1 0.896
   11 0 0 0 1 0 0 2.959
   12 1 1 0 1 0 1 1.821
   13 0 0 1 0 0 1 3.445
   14 1 1 1 0 0 0 3.680
   15 1 1 0 0 1 1 1.242
   16 0 1 0 0 1 1 1.832
   17 0 0 1 1 0 1 1.884
   18 1 0 0 1 1 1 1.243
   19 0 0 0 1 0 1 1.220
   20 1 0 1 1 1 1 1.647
   21 0 1 0 1 1 1 3.102
   22 1 1 1 0 1 1 1.806
   23 1 1 0 1 1 1 1.701
   24 0 1 1 0 0 0 1.297
   25 1 0 1 1 0 0 1.487
   26 0 1 1 0 0 0 2.796
   27 1 0 0 0 1 1 1.834
   28 0 0 1 0 0 1 3.791
   29 0 0 1 1 0 1 2.678
   30 1 1 1 0 1 1 2.178
   31 1 0 0 1 0 0 3.351
   32 1 0 0 0 1 1 2.117
   33 0 1 0 0 0 0 2.786
   34 0 0 0 1 1 0 2.564
   35 1 0 1 0 0 0 1.567
   36 1 0 1 0 1 1 2.367
   37 1 0 0 1 0 0 2.426
   38 1 0 1 0 1 1 2.388
   39 1 1 0 0 1 1 2.387
   40 1 1 1 0 1 1 3.214
   41 0 1 0 0 1 1 1.062
   42 1 1 0 1 1 1 0.816
   43 0 0 1 1 0 1 2.422
   44 0 1 0 1 0 0 2.925
   45 1 1 0 0 1 0 2.450
   46 0 0 0 1 0 1 1.520
   47 0 1 1 0 1 1 1.240
   48 0 1 1 0 1 0 2.569
   49 0 1 0 0 1 1 0.732
   50 1 0 0 1 1 0 2.675
   51 1 0 0 0 1 1 0.762
   52 1 0 1 1 0 0 2.381
   53 0 1 1 1 0 0 3.035
   54 1 0 1 1 0 0 2.213
   55 1 0 1 0 0 0 2.371
   56 0 0 1 0 0 1 0.556
Test data (trial/4 log cues/resp choice 1or2/rtime)
   57 1 1 0 1 1 1.321
   58 0 1 1 0 2 0.861
   59 0 0 1 0 2 0.740
   60 1 0 0 0 1 2.874
   61 1 0 1 1 1 0.987
   62 0 1 1 1 2 0.754
   63 1 1 0 0 1 0.801
   64 0 1 0 0 1 1.375
   65 0 1 0 1 2 1.056
   66 1 1 1 0 1 0.656
   67 0 0 1 1 2 2.205
   68 1 0 1 0 1 1.434
   69 1 0 0 1 2 0.819
   70 0 0 0 1 2 0.541
weather       (Task Format)
AnoF          (Task Condition)
Training data (trial/4 log cues/outcome/[resp corr?/rtime])
    1 0 1 0 0 0
    2 1 0 0 0 1
    3 1 0 0 0 1
    4 0 1 0 1 0
    5 0 0 1 0 0
    6 0 0 0 1 0
    7 0 1 1 0 0
    8 1 0 0 0 1
    9 0 1 0 0 0
   10 1 0 1 0 0
   11 0 1 1 0 0
   12 1 1 0 1 1
   13 0 0 0 1 1
   14 0 0 1 0 0
   15 0 0 1 1 0
   16 1 0 0 0 1
   17 0 1 0 1 1
   18 0 1 0 0 1
   19 1 1 0 0 1
   20 1 0 1 1 1
   21 0 1 0 1 0
   22 0 0 1 1 0
   23 0 0 0 1 0
   24 1 1 0 0 1
   25 0 0 0 1 0
   26 1 0 0 0 0
   27 1 0 0 0 1
   28 1 1 0 0 1
   29 0 1 0 0 0
   30 0 0 1 1 0
   31 0 0 1 1 0
   32 0 0 0 1 0
   33 1 0 1 1 0
   34 1 0 1 0 1
   35 1 0 0 1 0
   36 1 0 1 0 1
   37 1 0 0 1 1
   38 0 0 0 1 0
   39 0 1 0 1 0
   40 0 1 0 0 1
   41 0 0 1 0 1
   42 0 0 1 0 0
   43 0 1 1 1 0
   44 1 0 0 0 1
   45 0 1 0 0 1
   46 0 0 0 1 0
   47 1 0 1 0 1
   48 0 0 1 0 1
   49 1 1 0 0 1
   50 1 1 1 0 1
   51 1 1 0 1 0
   52 0 0 1 0 1
Test data (trial/4 log cues/resp choice 1or2/rtime)
   53 0 1 0 1 2 4.052
   54 1 1 0 0 1 2.010
   55 1 1 1 0 1 1.141
   56 0 0 1 0 2 0.482
   57 1 0 1 1 2 1.106
   58 1 1 0 1 1 1.683
   59 0 0 1 1 1 1.375
   60 0 1 1 0 2 1.065
   61 0 1 1 1 1 0.658
   62 0 0 0 1 1 1.030
   63 1 0 1 0 2 1.786
   64 0 1 0 0 1 0.975
   65 1 0 0 1 1 0.769
   66 1 0 0 0 1 0.800
