s6            (Subject Code)
 2            (Counterbal Condition)
 12            10           (Map: Phys to Log cues for each task)
weather       (Task Format)
FnoA          (Task Condition)
Training data (trial/4 log cues/outcome/[resp corr?/rtime])
    1 1 0 0 0 0 1 %12.012
    2 0 0 1 0 1 0 6.384
    3 1 1 0 0 1 1 9.977
    4 0 1 1 1 0 1 %11.455
    5 0 1 1 1 1 0 0.762
    6 0 1 1 1 0 0 0.800
    7 0 1 0 1 0 1 0.947
    8 0 0 1 1 0 0 0.812
    9 1 1 0 1 1 0 0.609
   10 0 1 0 1 1 1 0.462
   11 0 0 0 1 0 0 1.587
   12 1 1 0 1 0 1 1.434
   13 0 0 1 0 0 1 1.879
   14 1 1 1 0 0 0 1.361
   15 1 1 0 0 1 0 0.833
   16 0 1 0 0 1 1 0.948
   17 0 0 1 1 0 0 2.493
   18 1 0 0 1 1 0 0.564
   19 0 0 0 1 0 0 1.042
   20 1 0 1 1 1 0 0.906
   21 0 1 0 1 1 1 0.741
   22 1 1 1 0 1 0 0.816
   23 1 1 0 1 1 0 1.982
   24 0 1 1 0 0 0 0.389
   25 1 0 1 1 0 1 0.433
   26 0 1 1 0 0 1 0.659
   27 1 0 0 0 1 0 0.448
   28 0 0 1 0 0 0 0.539
   29 0 0 1 1 0 1 0.430
   30 1 1 1 0 1 0 0.764
   31 1 0 0 1 0 1 0.774
   32 1 0 0 0 1 0 1.182
   33 0 1 0 0 0 0 0.745
   34 0 0 0 1 1 1 0.922
   35 1 0 1 0 0 1 0.590
   36 1 0 1 0 1 0 0.589
   37 1 0 0 1 0 0 0.339
   38 1 0 1 0 1 0 0.296
   39 1 1 0 0 1 0 0.597
   40 1 1 1 0 1 0 0.156
   41 0 1 0 0 1 1 0.404
   42 1 1 0 1 1 1 0.421
   43 0 0 1 1 0 0 0.521
   44 0 1 0 1 0 1 0.333
   45 1 1 0 0 1 1 0.191
   46 0 0 0 1 0 1 0.000
   47 0 1 1 0 1 1 0.387
   48 0 1 1 0 1 0 0.292
   49 0 1 0 0 1 1 0.237
   50 1 0 0 1 1 1 0.404
   51 1 0 0 0 1 1 0.931
   52 1 0 1 1 0 0 0.654
   53 0 1 1 1 0 1 0.625
   54 1 0 1 1 0 1 1.157
   55 1 0 1 0 0 1 0.731
   56 0 0 1 0 0 0 0.544
Test data (trial/4 log cues/resp choice 1or2/rtime)
   57 1 1 0 1 2 1.766
   58 0 1 1 0 2 2.851
   59 0 0 1 0 2 1.518
   60 1 0 0 0 2 0.513
   61 1 0 1 1 1 0.646
   62 0 1 1 1 2 0.248
   63 1 1 0 0 1 0.217
   64 0 1 0 0 2 1.630
   65 0 1 0 1 1 1.119
   66 1 1 1 0 2 0.722
   67 0 0 1 1 2 0.442
   68 1 0 1 0 1 9.663
   69 1 0 0 1 2 0.604
   70 0 0 0 1 1 0.827
disease       (Task Format)
AnoF          (Task Condition)
Training data (trial/4 log cues/outcome/[resp corr?/rtime])
    1 0 1 0 0 0
    2 1 0 0 0 1
    3 1 0 0 0 1
    4 0 1 0 1 0
    5 0 0 1 0 0
    6 0 0 0 1 0
    7 0 1 1 0 0
    8 1 0 0 0 1
    9 0 1 0 0 0
   10 1 0 1 0 0
   11 0 1 1 0 0
   12 1 1 0 1 1
   13 0 0 0 1 1
   14 0 0 1 0 0
   15 0 0 1 1 0
   16 1 0 0 0 1
   17 0 1 0 1 1
   18 0 1 0 0 1
   19 1 1 0 0 1
   20 1 0 1 1 1
   21 0 1 0 1 0
   22 0 0 1 1 0
   23 0 0 0 1 0
   24 1 1 0 0 1
   25 0 0 0 1 0
   26 1 0 0 0 0
   27 1 0 0 0 1
   28 1 1 0 0 1
   29 0 1 0 0 0
   30 0 0 1 1 0
   31 0 0 1 1 0
   32 0 0 0 1 0
   33 1 0 1 1 0
   34 1 0 1 0 1
   35 1 0 0 1 0
   36 1 0 1 0 1
   37 1 0 0 1 1
   38 0 0 0 1 0
   39 0 1 0 1 0
   40 0 1 0 0 1
   41 0 0 1 0 1
   42 0 0 1 0 0
   43 0 1 1 1 0
   44 1 0 0 0 1
   45 0 1 0 0 1
   46 0 0 0 1 0
   47 1 0 1 0 1
   48 0 0 1 0 1
   49 1 1 0 0 1
   50 1 1 1 0 1
   51 1 1 0 1 0
   52 0 0 1 0 1
Test data (trial/4 log cues/resp choice 1or2/rtime)
   53 0 1 0 1 2 4.961
   54 1 1 0 0 2 2.496
   55 1 1 1 0 1 5.686
   56 0 0 1 0 2 1.728
   57 1 0 1 1 1 2.159
   58 1 1 0 1 1 1.941
   59 0 0 1 1 2 1.288
   60 0 1 1 0 1 1.167
   61 0 1 1 1 2 2.049
   62 0 0 0 1 2 1.815
   63 1 0 1 0 1 1.698
   64 0 1 0 0 2 0.723
   65 1 0 0 1 2 0.693
   66 1 0 0 0 2 0.438
