s8            (Subject Code)
 4            (Counterbal Condition)
 12            8            (Map: Phys to Log cues for each task)
disease       (Task Format)
FnoA          (Task Condition)
Training data (trial/4 log cues/outcome/[resp corr?/rtime])
    1 1 0 0 0 0 1 4.532
    2 0 0 1 0 1 1 1.269
    3 1 1 0 0 1 0 1.302
    4 0 1 1 1 0 0 2.474
    5 0 1 1 1 1 0 1.342
    6 0 1 1 1 0 0 3.696
    7 0 1 0 1 0 0 1.462
    8 0 0 1 1 0 1 3.008
    9 1 1 0 1 1 1 3.074
   10 0 1 0 1 1 0 0.874
   11 0 0 0 1 0 1 1.109
   12 1 1 0 1 0 1 1.377
   13 0 0 1 0 0 0 1.345
   14 1 1 1 0 0 1 1.222
   15 1 1 0 0 1 1 2.264
   16 0 1 0 0 1 1 1.301
   17 0 0 1 1 0 1 1.859
   18 1 0 0 1 1 1 1.202
   19 0 0 0 1 0 0 0.753
   20 1 0 1 1 1 0 1.676
   21 0 1 0 1 1 1 1.969
   22 1 1 1 0 1 0 1.787
   23 1 1 0 1 1 0 0.903
   24 0 1 1 0 0 1 1.593
   25 1 0 1 1 0 1 1.638
   26 0 1 1 0 0 0 1.530
   27 1 0 0 0 1 1 2.577
   28 0 0 1 0 0 1 1.211
   29 0 0 1 1 0 0 2.520
   30 1 1 1 0 1 0 1.094
   31 1 0 0 1 0 1 1.225
   32 1 0 0 0 1 0 1.303
   33 0 1 0 0 0 1 0.672
   34 0 0 0 1 1 1 0.957
   35 1 0 1 0 0 0 1.066
   36 1 0 1 0 1 0 0.865
   37 1 0 0 1 0 0 1.538
   38 1 0 1 0 1 0 3.586
   39 1 1 0 0 1 1 1.161
   40 1 1 1 0 1 1 1.260
   41 0 1 0 0 1 1 1.185
   42 1 1 0 1 1 1 1.230
   43 0 0 1 1 0 1 1.604
   44 0 1 0 1 0 0 1.365
   45 1 1 0 0 1 1 1.150
   46 0 0 0 1 0 0 1.421
   47 0 1 1 0 1 1 1.958
   48 0 1 1 0 1 0 1.165
   49 0 1 0 0 1 0 1.897
   50 1 0 0 1 1 1 2.622
   51 1 0 0 0 1 0 1.214
   52 1 0 1 1 0 0 1.358
   53 0 1 1 1 0 1 2.288
   54 1 0 1 1 0 0 1.980
   55 1 0 1 0 0 0 1.772
   56 0 0 1 0 0 1 2.064
Test data (trial/4 log cues/resp choice 1or2/rtime)
   57 1 1 0 1 1 2.246
   58 0 1 1 0 1 1.821
   59 0 0 1 0 2 1.135
   60 1 0 0 0 1 0.669
   61 1 0 1 1 1 2.015
   62 0 1 1 1 1 1.379
   63 1 1 0 0 2 2.826
   64 0 1 0 0 1 1.182
   65 0 1 0 1 2 1.793
   66 1 1 1 0 1 1.193
   67 0 0 1 1 1 3.075
   68 1 0 1 0 1 1.226
   69 1 0 0 1 2 1.826
   70 0 0 0 1 1 1.327
weather       (Task Format)
AnoF          (Task Condition)
Training data (trial/4 log cues/outcome/[resp corr?/rtime])
    1 0 1 0 0 0
    2 1 0 0 0 1
    3 1 0 0 0 1
    4 0 1 0 1 0
    5 0 0 1 0 0
    6 0 0 0 1 0
    7 0 1 1 0 0
    8 1 0 0 0 1
    9 0 1 0 0 0
   10 1 0 1 0 0
   11 0 1 1 0 0
   12 1 1 0 1 1
   13 0 0 0 1 1
   14 0 0 1 0 0
   15 0 0 1 1 0
   16 1 0 0 0 1
   17 0 1 0 1 1
   18 0 1 0 0 1
   19 1 1 0 0 1
   20 1 0 1 1 1
   21 0 1 0 1 0
   22 0 0 1 1 0
   23 0 0 0 1 0
   24 1 1 0 0 1
   25 0 0 0 1 0
   26 1 0 0 0 0
   27 1 0 0 0 1
   28 1 1 0 0 1
   29 0 1 0 0 0
   30 0 0 1 1 0
   31 0 0 1 1 0
   32 0 0 0 1 0
   33 1 0 1 1 0
   34 1 0 1 0 1
   35 1 0 0 1 0
   36 1 0 1 0 1
   37 1 0 0 1 1
   38 0 0 0 1 0
   39 0 1 0 1 0
   40 0 1 0 0 1
   41 0 0 1 0 1
   42 0 0 1 0 0
   43 0 1 1 1 0
   44 1 0 0 0 1
   45 0 1 0 0 1
   46 0 0 0 1 0
   47 1 0 1 0 1
   48 0 0 1 0 1
   49 1 1 0 0 1
   50 1 1 1 0 1
   51 1 1 0 1 0
   52 0 0 1 0 1
Test data (trial/4 log cues/resp choice 1or2/rtime)
   53 0 1 0 1 2 2.520
   54 1 1 0 0 1 2.736
   55 1 1 1 0 2 0.965
   56 0 0 1 0 2 1.934
   57 1 0 1 1 2 1.849
   58 1 1 0 1 1 2.205
   59 0 0 1 1 1 3.566
   60 0 1 1 0 1 2.064
   61 0 1 1 1 2 2.501
   62 0 0 0 1 2 1.606
   63 1 0 1 0 1 2.049
   64 0 1 0 0 1 2.003
   65 1 0 0 1 2 2.198
   66 1 0 0 0 2 1.369
